,Age,Job,Credit amount,Duration,Purpose_car,Purpose_domestic appliances,Purpose_education,Purpose_furniture/equipment,Purpose_radio/TV,Purpose_repairs,Purpose_vacation/others,Sex_male,Housing_own,Housing_rent,Savings_moderate,Savings_no_inf,Savings_quite rich,Savings_rich,Check_moderate,Check_no_inf,Check_rich,Age_cat_Young,Age_cat_Adult,Age_cat_Senior,predicted_class,true_class,errors,bias
136,27,2,8613,27,1,0,0,0,0,0,0,1,1,0,0,0,0,1,0,1,0,1,0,0,0,0.0,0.0,remaining
76,34,2,3965,42,0,0,0,0,1,0,0,1,1,0,0,0,0,0,0,0,0,1,0,0,0,1.0,1.0,remaining
280,23,2,3368,15,1,0,0,0,0,0,0,1,0,1,0,0,0,1,0,1,0,0,0,0,0,0.0,0.0,remaining
319,27,1,3643,15,0,0,0,1,0,0,0,0,1,0,0,0,0,0,0,0,0,1,0,0,0,0.0,0.0,remaining
174,26,2,3414,21,0,0,1,0,0,0,0,1,1,0,0,0,0,0,0,0,0,1,0,0,0,1.0,1.0,remaining
371,33,2,6070,18,0,0,0,0,1,0,0,1,1,0,0,0,0,0,0,1,0,1,0,0,0,0.0,0.0,remaining
210,33,2,3074,9,0,0,0,0,1,0,0,1,1,0,0,1,0,0,0,1,0,1,0,0,0,0.0,0.0,remaining
235,30,3,1823,24,0,0,0,0,1,0,0,1,1,0,0,0,0,0,0,0,0,1,0,0,0,1.0,1.0,remaining
101,24,2,2323,36,0,0,0,0,1,0,0,1,0,1,0,0,0,0,1,0,0,0,0,0,0,0.0,0.0,remaining
346,23,2,882,13,0,0,0,0,1,0,0,1,1,0,0,0,0,0,1,0,0,0,0,0,1,0.0,1.0,remaining
139,44,1,1881,12,0,0,0,0,1,0,0,0,0,1,0,0,0,0,0,0,1,0,1,0,0,0.0,0.0,remaining
370,36,2,3079,36,1,0,0,0,0,0,0,1,1,0,0,1,0,0,0,1,0,0,1,0,0,0.0,0.0,remaining
198,36,2,2760,24,1,0,0,0,0,0,0,1,0,0,0,1,0,0,1,0,0,0,1,0,1,0.0,1.0,remaining
59,23,1,6229,36,0,0,0,1,0,0,0,0,0,1,0,0,0,0,0,0,0,0,0,0,0,1.0,1.0,remaining
328,31,2,4473,36,0,0,0,0,1,0,0,1,1,0,0,0,0,0,0,0,1,1,0,0,1,0.0,1.0,remaining
96,61,2,2012,12,0,0,1,0,0,0,0,0,1,0,0,1,0,0,0,1,0,0,0,1,0,0.0,0.0,discriminated
312,26,2,3749,24,0,0,0,1,0,0,0,0,1,0,0,0,0,0,0,0,1,1,0,0,0,0.0,0.0,remaining
299,32,2,2745,21,0,0,0,1,0,0,0,1,1,0,0,0,0,1,1,0,0,1,0,0,0,0.0,0.0,remaining
277,49,1,1262,12,0,0,0,1,0,0,0,1,1,0,0,1,0,0,0,0,0,0,1,0,0,0.0,0.0,remaining
261,55,2,1603,24,0,0,0,0,1,0,0,0,1,0,0,0,0,0,0,0,0,0,1,0,0,0.0,0.0,remaining
23,44,2,1804,12,1,0,0,0,0,0,0,1,1,0,1,0,0,0,1,0,0,0,1,0,0,0.0,0.0,remaining
30,36,2,1913,18,0,0,0,0,0,0,0,1,1,0,0,0,0,1,1,0,0,0,1,0,0,0.0,0.0,remaining
10,25,2,1295,12,1,0,0,0,0,0,0,0,0,1,0,0,0,0,1,0,0,0,0,0,0,1.0,1.0,remaining
221,23,2,1200,12,0,0,1,0,0,0,0,0,0,1,0,1,0,0,0,0,0,0,0,0,0,0.0,0.0,remaining
296,20,2,4675,12,1,0,0,0,0,0,0,0,0,1,0,1,0,0,0,1,0,0,0,0,0,0.0,0.0,remaining
54,57,2,2225,36,1,0,0,0,0,0,0,1,0,0,0,0,0,0,1,0,0,0,1,0,0,1.0,1.0,remaining
209,55,2,1413,12,1,0,0,0,0,0,0,1,1,0,0,0,0,1,0,1,0,0,1,0,0,0.0,0.0,remaining
70,30,2,8133,36,1,0,0,0,0,0,0,0,1,0,0,0,0,0,0,1,0,1,0,0,0,0.0,0.0,remaining
107,32,2,6078,12,1,0,0,0,0,0,0,1,1,0,0,0,0,0,1,0,0,1,0,0,0,0.0,0.0,remaining
292,44,3,6419,24,1,0,0,0,0,0,0,0,0,0,0,0,0,0,0,0,0,0,1,0,1,0.0,1.0,remaining
289,48,2,1024,24,0,0,0,0,1,0,0,1,1,0,0,0,0,0,0,0,0,0,1,0,0,1.0,1.0,remaining
39,24,2,458,9,0,0,0,0,1,0,0,1,1,0,0,0,0,0,1,0,0,0,0,0,1,0.0,1.0,remaining
307,33,1,727,12,0,0,0,0,1,0,0,1,1,0,1,0,0,0,0,0,0,1,0,0,0,1.0,1.0,remaining
66,29,2,2171,12,0,0,0,0,1,0,0,0,1,0,0,0,0,0,0,1,0,1,0,0,0,0.0,0.0,remaining
275,32,2,2697,9,0,0,0,0,1,0,0,1,1,0,0,0,0,0,0,1,0,1,0,0,1,0.0,1.0,remaining
67,22,2,1007,12,1,0,0,0,0,0,0,1,1,0,0,0,0,1,1,0,0,0,0,0,0,0.0,0.0,remaining
318,32,2,701,12,0,0,1,0,0,0,0,1,1,0,0,0,0,0,0,1,0,1,0,0,1,0.0,1.0,remaining
327,34,2,1525,24,1,0,0,0,0,0,0,0,1,0,0,0,0,1,0,1,0,1,0,0,0,0.0,0.0,remaining
382,25,2,1283,22,1,0,0,0,0,0,0,0,0,1,0,1,0,0,0,1,0,0,0,0,0,0.0,0.0,remaining
218,24,1,3021,24,0,0,0,1,0,0,0,1,0,1,0,0,0,0,0,0,0,0,0,0,0,0.0,0.0,remaining
88,30,3,2249,18,1,0,0,0,0,0,0,1,1,0,1,0,0,0,0,0,0,1,0,0,0,0.0,0.0,remaining
63,25,2,14421,48,0,0,0,0,0,0,0,1,1,0,0,0,0,0,1,0,0,0,0,0,0,1.0,1.0,remaining
351,29,2,959,9,0,0,0,1,0,0,0,0,1,0,0,0,0,0,1,0,0,1,0,0,0,1.0,1.0,remaining
256,35,1,2684,24,0,0,0,0,1,0,0,1,1,0,0,0,0,0,0,1,0,1,0,0,0,0.0,0.0,remaining
168,25,2,3972,24,0,0,0,1,0,0,0,0,0,1,0,0,0,0,0,1,0,0,0,0,0,0.0,0.0,remaining
86,27,2,1295,18,0,0,0,1,0,0,0,0,1,0,0,0,0,0,1,0,0,1,0,0,1,0.0,1.0,remaining
184,36,2,884,18,1,0,0,0,0,0,0,1,1,0,0,0,0,0,1,0,0,0,1,0,0,1.0,1.0,remaining
294,46,3,7629,48,0,0,0,0,0,0,0,1,1,0,0,1,0,0,0,1,0,0,1,0,0,0.0,0.0,remaining
260,27,2,1657,12,0,0,0,1,0,0,0,1,1,0,0,0,0,0,0,0,0,1,0,0,1,0.0,1.0,remaining
237,61,1,2767,21,0,0,0,0,0,0,0,1,0,1,1,0,0,0,1,0,0,0,0,1,0,1.0,1.0,remaining
265,37,2,802,15,0,0,0,0,1,0,0,1,1,0,0,0,0,0,1,0,0,0,1,0,0,1.0,1.0,remaining
55,26,1,783,6,1,0,0,0,0,0,0,1,1,0,0,1,0,0,0,1,0,1,0,0,0,0.0,0.0,remaining
120,25,2,1835,21,0,0,0,0,1,0,0,0,1,0,0,0,0,0,0,0,0,0,0,0,0,1.0,1.0,remaining
215,39,1,932,6,0,0,1,0,0,0,0,0,1,0,0,1,0,0,1,0,0,0,1,0,0,0.0,0.0,remaining
25,36,1,1374,6,0,0,0,1,0,0,0,1,1,0,0,0,0,0,0,0,0,0,1,0,0,0.0,0.0,remaining
72,51,3,1164,8,0,0,0,0,0,0,1,1,0,0,0,0,0,0,0,0,0,0,1,0,0,0.0,0.0,remaining
44,58,1,6143,48,1,0,0,0,0,0,0,0,0,0,0,0,0,0,0,0,0,0,1,0,0,1.0,1.0,remaining
247,35,2,1204,6,1,0,0,0,0,0,0,1,0,1,1,0,0,0,0,1,0,1,0,0,0,0.0,0.0,remaining
281,50,2,1574,12,0,0,0,1,0,0,0,1,1,0,0,0,0,0,0,1,0,0,1,0,0,0.0,0.0,remaining
244,35,1,3447,12,0,0,1,0,0,0,0,0,1,0,0,0,1,0,0,1,0,1,0,0,0,0.0,0.0,remaining
321,32,2,1938,24,0,0,0,0,1,0,0,1,1,0,0,0,0,0,0,0,0,1,0,0,1,1.0,0.0,remaining
158,38,2,3512,24,1,0,0,0,0,0,0,1,1,0,1,0,0,0,1,0,0,0,1,0,0,0.0,0.0,remaining
309,22,1,276,9,1,0,0,0,0,0,0,1,0,1,0,0,0,0,1,0,0,0,0,0,0,0.0,0.0,remaining
60,27,2,1391,9,0,0,0,0,0,0,0,1,1,0,0,0,0,0,1,0,0,1,0,0,0,0.0,0.0,remaining
298,43,2,2515,18,0,0,0,1,0,0,0,1,1,0,0,0,0,0,0,1,0,0,1,0,0,0.0,0.0,remaining
314,29,1,1494,4,1,0,0,0,0,0,0,1,1,0,0,1,0,0,0,0,1,1,0,0,0,0.0,0.0,remaining
310,40,0,5381,48,0,0,0,0,0,0,1,1,0,0,0,1,0,0,1,0,0,0,1,0,0,0.0,0.0,remaining
361,37,3,3399,12,0,0,0,0,1,0,0,1,1,0,0,1,0,0,0,0,1,0,1,0,0,0.0,0.0,remaining
110,31,2,1449,6,0,0,0,0,0,0,0,1,1,0,1,0,0,0,1,0,0,1,0,0,1,0.0,1.0,remaining
363,21,2,1766,6,0,0,0,1,0,0,0,1,0,1,0,0,0,0,0,1,0,0,0,0,0,0.0,0.0,remaining
254,24,2,2030,9,0,0,0,1,0,0,0,1,1,0,0,1,0,0,1,0,0,0,0,0,0,0.0,0.0,remaining
259,57,1,1154,11,0,0,0,0,1,0,0,0,1,0,1,0,0,0,0,1,0,0,1,0,1,0.0,1.0,remaining
377,36,2,846,7,0,0,0,0,1,0,0,1,0,0,0,1,0,0,0,1,0,0,1,0,1,0.0,1.0,remaining
137,66,1,766,12,0,0,0,0,1,0,0,1,1,0,0,0,1,0,1,0,0,0,0,1,0,1.0,1.0,discriminated
355,23,1,1246,24,1,0,0,0,0,0,0,1,1,0,0,0,0,0,1,0,0,0,0,0,1,1.0,0.0,remaining
365,36,2,1542,12,0,0,0,0,0,0,0,1,1,0,0,0,0,0,0,1,0,0,1,0,0,0.0,0.0,remaining
199,40,3,4297,18,0,0,0,1,0,0,0,1,1,0,0,0,0,0,1,0,0,0,1,0,0,1.0,1.0,remaining
213,66,3,1908,30,0,0,0,0,0,0,0,1,1,0,0,0,0,0,0,0,1,0,0,1,0,1.0,1.0,discriminated
332,24,3,7408,60,1,0,0,0,0,0,0,0,1,0,1,0,0,0,1,0,0,0,0,0,1,1.0,0.0,remaining
208,21,1,6568,24,0,0,0,0,0,0,0,1,1,0,0,0,0,0,0,0,0,0,0,0,0,0.0,0.0,remaining
78,39,1,9436,54,1,0,0,0,0,0,0,1,1,0,0,1,0,0,0,1,0,0,1,0,0,0.0,0.0,remaining
29,63,2,6836,60,0,0,0,0,0,0,0,1,1,0,0,0,0,0,0,0,0,0,0,1,0,1.0,1.0,discriminated
165,32,2,2978,6,0,0,0,1,0,0,0,1,1,0,0,0,1,0,0,1,0,1,0,0,0,0.0,0.0,remaining
65,48,2,5190,27,0,0,0,0,0,1,0,1,1,0,0,1,0,0,0,1,0,0,1,0,0,0.0,0.0,remaining
141,30,3,4795,36,0,0,0,0,1,0,0,0,1,0,0,0,0,0,1,0,0,1,0,0,0,0.0,0.0,remaining
331,30,2,1864,18,0,0,1,0,0,0,0,0,1,0,1,0,0,0,0,1,0,1,0,0,0,1.0,1.0,remaining
249,22,2,433,18,0,0,0,0,1,0,0,0,0,1,0,0,0,0,0,1,0,0,0,0,1,1.0,0.0,remaining
305,33,2,1543,6,0,0,0,1,0,0,0,1,1,0,0,0,0,1,0,1,0,1,0,0,0,0.0,0.0,remaining
49,28,2,2073,12,0,0,0,0,1,0,0,0,1,0,1,0,0,0,0,1,0,1,0,0,0,0.0,0.0,remaining
2,49,1,2096,12,0,0,1,0,0,0,0,1,1,0,0,0,0,0,0,1,0,0,1,0,0,0.0,0.0,remaining
350,23,2,1236,9,0,1,0,0,0,0,0,0,0,1,0,0,0,0,0,1,0,0,0,0,0,0.0,0.0,remaining
344,37,1,3949,10,1,0,0,0,0,0,0,1,1,0,0,0,0,0,0,0,1,0,1,0,0,0.0,0.0,remaining
33,57,1,1264,12,0,0,0,0,0,0,0,1,0,1,0,1,0,0,0,1,0,0,1,0,0,0.0,0.0,remaining
31,27,2,4020,24,0,0,0,1,0,0,0,1,1,0,0,0,0,0,0,0,0,1,0,0,0,0.0,0.0,remaining
231,51,1,2507,9,1,0,0,0,0,0,0,1,0,0,0,0,1,0,0,1,0,0,1,0,0,0.0,0.0,remaining
192,36,2,3915,27,0,0,0,0,0,0,0,1,1,0,0,0,0,0,1,0,0,0,1,0,0,1.0,1.0,remaining
333,24,1,11590,48,1,0,0,0,0,0,0,0,0,1,1,0,0,0,0,1,0,0,0,0,0,1.0,1.0,remaining
3,45,2,7882,42,0,0,0,1,0,0,0,1,0,0,0,0,0,0,0,0,0,0,1,0,0,0.0,0.0,remaining
204,38,1,1495,12,1,0,0,0,0,0,0,1,1,0,0,0,0,0,0,1,0,0,1,0,0,0.0,0.0,remaining
306,24,1,4811,30,1,0,0,0,0,0,0,0,0,1,0,1,0,0,0,1,0,0,0,0,0,0.0,0.0,remaining
109,35,2,1410,14,0,0,0,0,0,0,0,1,1,0,0,0,1,0,1,0,0,1,0,0,0,0.0,0.0,remaining
77,51,2,4771,11,0,0,0,0,1,0,0,1,1,0,0,0,0,0,1,0,0,0,1,0,0,0.0,0.0,remaining
84,52,1,2315,10,0,0,0,0,1,0,0,1,1,0,0,0,0,0,0,0,0,0,1,0,0,0.0,0.0,remaining
286,26,2,4788,48,1,0,0,0,0,0,0,1,1,0,0,0,0,0,0,0,0,1,0,0,1,0.0,1.0,remaining
82,24,1,1568,18,0,0,0,0,0,0,0,0,0,1,1,0,0,0,0,1,0,0,0,0,0,0.0,0.0,remaining
398,46,2,1223,12,1,0,0,0,0,0,0,1,0,1,0,0,0,0,1,0,0,0,1,0,0,1.0,1.0,remaining
323,28,2,2659,18,0,0,0,1,0,0,0,1,1,0,0,0,0,1,0,0,0,1,0,0,0,0.0,0.0,remaining
5,35,1,9055,36,0,0,1,0,0,0,0,1,0,0,0,1,0,0,0,1,0,1,0,0,1,0.0,1.0,remaining
97,34,2,2622,18,0,0,0,0,0,0,0,1,1,0,1,0,0,0,1,0,0,1,0,0,0,0.0,0.0,remaining
266,36,2,6304,36,0,0,0,0,0,0,0,1,1,0,0,1,0,0,0,1,0,0,1,0,0,0.0,0.0,remaining
357,26,3,4463,36,0,0,0,0,1,0,0,1,1,0,0,0,0,0,0,1,0,1,0,0,0,1.0,1.0,remaining
380,39,2,2212,20,0,0,0,1,0,0,0,1,1,0,0,1,0,0,0,0,0,0,1,0,0,0.0,0.0,remaining
381,38,3,12976,18,1,0,0,0,0,0,0,0,0,0,0,0,0,0,1,0,0,0,1,0,0,1.0,1.0,remaining
118,23,2,4281,33,0,0,0,1,0,0,0,0,1,0,0,0,1,0,0,0,0,0,0,0,0,1.0,1.0,remaining
250,39,1,666,6,1,0,0,0,0,0,0,0,1,0,0,0,0,1,0,0,0,0,1,0,0,0.0,0.0,remaining
9,28,3,5234,30,1,0,0,0,0,0,0,1,1,0,0,0,0,0,1,0,0,1,0,0,0,1.0,1.0,remaining
196,28,2,1382,6,0,0,0,0,1,0,0,0,1,0,0,0,0,0,0,1,0,1,0,0,1,0.0,1.0,remaining
81,47,2,1213,15,0,0,0,0,1,0,0,1,1,0,0,0,1,0,0,1,0,0,1,0,0,0.0,0.0,remaining
239,39,2,2522,30,0,0,0,0,1,0,0,1,1,0,0,0,0,0,0,0,0,0,1,0,1,0.0,1.0,remaining
290,26,2,1076,12,0,0,0,0,0,0,0,1,1,0,0,0,0,0,0,1,0,1,0,0,0,0.0,0.0,remaining
211,45,1,3835,36,0,0,0,0,1,0,0,0,1,0,0,1,0,0,0,1,0,0,1,0,1,0.0,1.0,remaining
359,23,2,2406,30,0,0,0,1,0,0,0,0,0,1,0,0,0,0,0,0,0,0,0,0,1,1.0,0.0,remaining
227,53,3,7865,12,0,0,0,1,0,0,0,1,0,0,0,0,0,0,0,0,0,0,1,0,0,1.0,1.0,remaining
362,36,2,2247,12,1,0,0,0,0,0,0,0,1,0,0,0,0,0,0,0,1,0,1,0,0,0.0,0.0,remaining
7,35,3,6948,36,1,0,0,0,0,0,0,1,0,1,0,0,0,0,1,0,0,1,0,0,1,0.0,1.0,remaining
155,20,2,1282,12,0,0,0,1,0,0,0,0,0,1,0,0,0,0,0,0,0,0,0,0,0,1.0,1.0,remaining
334,23,2,4110,24,0,0,0,1,0,0,0,1,0,1,0,0,0,0,0,0,0,0,0,0,0,1.0,1.0,remaining
228,22,2,1478,9,0,0,0,0,1,0,0,1,1,0,0,0,0,0,0,1,0,0,0,0,0,1.0,1.0,remaining
352,38,3,3229,18,1,0,0,0,0,0,0,1,1,0,0,1,0,0,0,1,0,0,1,0,0,0.0,0.0,remaining
212,50,2,5293,27,0,0,0,0,0,0,0,1,1,0,0,0,0,0,0,0,0,0,1,0,1,1.0,0.0,remaining
79,22,2,3832,30,0,0,0,1,0,0,0,1,1,0,0,0,0,0,1,0,0,0,0,0,1,0.0,1.0,remaining
148,28,2,5371,36,0,0,0,1,0,0,0,1,1,0,0,0,0,0,0,0,0,1,0,0,0,0.0,0.0,remaining
302,37,1,1344,24,1,0,0,0,0,0,0,1,1,0,0,1,0,0,0,0,1,0,1,0,0,1.0,1.0,remaining
342,25,2,3213,18,0,0,0,0,1,0,0,1,0,1,0,0,1,0,1,0,0,0,0,0,0,0.0,0.0,remaining
133,47,2,1984,18,0,0,0,1,0,0,0,1,0,0,0,0,0,0,0,1,0,0,1,0,0,0.0,0.0,remaining
311,25,2,5511,24,0,0,0,1,0,0,0,1,1,0,1,0,0,0,0,1,0,0,0,0,1,0.0,1.0,remaining
0,67,2,1169,6,0,0,0,0,1,0,0,1,1,0,0,1,0,0,0,0,0,0,0,1,0,0.0,0.0,discriminated
316,38,1,708,12,0,0,0,1,0,0,0,1,1,0,0,0,0,0,0,0,0,0,1,0,0,0.0,0.0,remaining
172,34,3,2064,24,0,0,0,1,0,0,0,0,1,0,0,0,0,0,1,0,0,1,0,0,0,1.0,1.0,remaining
125,30,2,2121,12,1,0,0,0,0,0,0,1,1,0,0,0,0,0,0,0,0,1,0,0,0,0.0,0.0,remaining
394,31,3,2406,9,0,0,0,1,0,0,0,1,1,0,0,0,0,0,0,1,0,1,0,0,0,0.0,0.0,remaining
90,56,2,618,12,0,0,0,0,1,0,0,1,1,0,0,0,0,0,0,1,0,0,1,0,0,0.0,0.0,remaining
181,30,3,4455,36,0,0,0,0,0,0,0,1,1,0,0,0,0,0,1,0,0,1,0,0,0,1.0,1.0,remaining
274,34,1,11998,30,0,0,0,0,0,1,0,1,1,0,0,0,0,0,0,0,0,1,0,0,0,1.0,1.0,remaining
69,25,2,2394,36,0,0,0,0,1,0,0,0,1,0,0,1,0,0,0,1,0,0,0,0,0,0.0,0.0,remaining
291,28,3,9398,36,1,0,0,0,0,0,0,1,0,1,0,0,0,0,1,0,0,1,0,0,0,1.0,1.0,remaining
131,29,2,6887,36,0,0,1,0,0,0,0,1,1,0,0,0,0,0,0,0,0,1,0,0,0,1.0,1.0,remaining
300,54,0,672,6,1,0,0,0,0,0,0,0,1,0,0,0,0,0,0,1,0,0,1,0,0,0.0,0.0,remaining
326,49,2,5801,12,0,0,0,1,0,0,0,1,0,1,0,1,0,0,0,1,0,0,1,0,1,0.0,1.0,remaining
144,23,2,2288,21,0,0,0,1,0,0,0,0,1,0,0,0,0,0,0,1,0,0,0,0,0,0.0,0.0,remaining
135,38,2,1240,12,0,0,0,0,1,0,0,0,1,0,0,1,0,0,0,1,0,0,1,0,1,0.0,1.0,remaining
164,36,2,909,36,1,0,0,0,0,0,0,1,1,0,0,0,1,0,0,1,0,0,1,0,0,0.0,0.0,remaining
28,34,2,2415,7,0,0,0,0,1,0,0,1,1,0,0,0,0,0,1,0,0,1,0,0,0,0.0,0.0,remaining
193,29,2,2108,6,0,0,0,0,1,0,0,1,0,1,0,0,0,0,0,1,0,1,0,0,0,0.0,0.0,remaining
388,27,2,2326,15,0,0,0,0,0,0,0,1,1,0,0,0,1,0,1,0,0,1,0,0,0,0.0,0.0,remaining
169,31,2,1935,24,0,0,0,0,0,0,0,1,1,0,0,0,0,0,1,0,0,1,0,0,0,1.0,1.0,remaining
140,27,0,709,6,1,0,0,0,0,0,0,1,1,0,0,0,0,1,0,0,1,1,0,0,1,0.0,1.0,remaining
173,33,2,1414,8,0,0,0,0,1,0,0,1,1,0,0,0,0,0,1,0,0,1,0,0,0,0.0,0.0,remaining
6,53,2,2835,24,0,0,0,1,0,0,0,1,1,0,0,0,1,0,0,1,0,0,1,0,0,0.0,0.0,remaining
73,41,1,5954,42,0,0,0,0,0,0,0,0,1,0,0,0,0,0,1,0,0,0,1,0,0,0.0,0.0,remaining
238,35,2,1291,12,0,0,0,0,1,0,0,0,1,0,0,0,0,0,0,1,0,1,0,0,0,0.0,0.0,remaining
145,30,2,3566,48,0,0,0,0,0,0,0,1,1,0,1,0,0,0,1,0,0,1,0,0,1,0.0,1.0,remaining
234,42,1,1544,4,0,0,0,0,1,0,0,1,1,0,0,0,0,0,0,1,0,0,1,0,0,0.0,0.0,remaining
220,26,1,625,12,0,0,0,0,1,0,0,1,1,0,0,0,0,0,1,0,0,1,0,0,0,0.0,0.0,remaining
132,27,1,2708,15,0,0,0,1,0,0,0,1,1,0,0,0,0,0,0,1,0,1,0,0,0,0.0,0.0,remaining
185,31,2,1360,15,0,0,0,0,1,0,0,1,1,0,0,0,0,0,0,1,0,1,0,0,0,0.0,0.0,remaining
41,26,2,1158,12,0,0,0,0,1,0,0,1,1,0,0,0,1,0,1,0,0,1,0,0,0,0.0,0.0,remaining
108,30,2,7721,24,0,0,0,1,0,0,0,0,1,0,0,1,0,0,0,0,0,1,0,0,0,0.0,0.0,remaining
56,52,3,6468,12,0,0,0,0,1,0,0,1,1,0,0,1,0,0,1,0,0,0,1,0,0,1.0,1.0,remaining
