,Number_of_Priors,score_factor,Age_Above_FourtyFive,Age_Below_TwentyFive,African_American,Asian,Hispanic,Native_American,Other,Female,Misdemeanor,predicted_class,true_class,errors,bias
4590,0,1,0,1,1,0,0,0,0,0,1,0,1,1,remaining
2482,6,1,0,1,0,0,0,0,0,0,0,1,0,1,remaining
4092,0,0,1,0,0,0,0,0,1,1,0,0,1,1,discriminated
165,0,0,0,1,1,0,0,0,0,0,0,0,1,1,remaining
1109,11,1,0,0,0,0,1,0,0,0,1,1,0,1,remaining
5933,20,1,0,0,1,0,0,0,0,0,0,1,1,0,remaining
4455,5,1,0,1,0,0,0,0,0,0,1,1,1,0,remaining
4183,13,1,0,0,1,0,0,0,0,0,1,1,1,0,remaining
2075,0,0,0,0,0,0,0,0,0,0,0,0,1,1,remaining
5380,2,1,1,0,1,0,0,0,0,0,1,0,0,0,remaining
423,20,0,1,0,0,0,1,0,0,0,0,1,0,1,remaining
4649,6,1,0,0,0,0,1,0,0,0,0,1,1,0,remaining
142,0,1,0,0,0,0,0,0,0,0,0,1,0,1,remaining
4595,0,0,0,0,1,0,0,0,0,0,0,0,1,1,remaining
2007,3,1,0,1,0,0,0,0,0,0,1,1,1,0,remaining
3641,1,0,0,0,0,0,1,0,0,0,0,0,1,1,remaining
5400,6,1,0,0,1,0,0,0,0,0,0,1,1,0,remaining
2471,2,0,0,0,0,0,1,0,0,0,1,0,1,1,remaining
2225,0,1,0,0,1,0,0,0,0,0,1,0,1,1,remaining
159,3,0,1,0,1,0,0,0,0,0,0,0,0,0,remaining
4373,6,1,0,0,0,0,0,0,0,1,1,0,1,1,remaining
2245,1,0,1,0,0,0,0,0,0,0,0,0,0,0,remaining
215,0,0,0,0,0,0,1,0,0,1,1,0,0,0,remaining
4893,0,1,0,1,0,0,0,0,1,0,0,1,0,1,discriminated
82,2,0,0,0,0,0,0,0,0,0,0,0,1,1,remaining
3726,1,1,0,1,1,0,0,0,0,0,0,1,1,0,remaining
2325,0,0,1,0,1,0,0,0,0,0,1,0,1,1,remaining
1312,1,0,1,0,0,0,0,0,0,0,0,0,0,0,remaining
4017,0,0,0,1,0,0,1,0,0,0,1,0,0,0,remaining
1682,1,0,0,0,1,0,0,0,0,0,0,0,0,0,remaining
5171,0,0,0,0,0,0,0,0,0,0,1,0,0,0,remaining
3725,4,1,0,0,0,0,0,0,0,1,0,1,0,1,remaining
2033,1,1,0,1,1,0,0,0,0,0,0,1,1,0,remaining
3063,5,0,0,0,0,0,0,0,0,0,0,0,0,0,remaining
2123,1,0,0,0,0,0,0,0,0,0,0,0,0,0,remaining
2023,16,1,0,0,0,0,0,0,0,0,1,1,0,1,remaining
1779,0,0,0,1,1,0,0,0,0,0,0,0,0,0,remaining
6077,2,0,0,0,1,0,0,0,0,1,0,0,1,1,remaining
2146,0,0,1,0,0,0,0,0,0,1,1,0,0,0,remaining
1859,3,0,0,0,0,0,0,0,0,0,0,0,1,1,remaining
5340,0,0,0,0,0,0,0,0,0,1,1,0,0,0,remaining
2993,0,0,1,0,1,0,0,0,0,0,1,0,0,0,remaining
1317,0,0,0,1,1,0,0,0,0,0,1,1,0,1,remaining
4416,3,0,0,0,1,0,0,0,0,0,1,1,1,0,remaining
5622,9,0,0,0,1,0,0,0,0,0,1,1,1,0,remaining
171,4,0,0,0,0,0,0,0,0,0,1,1,0,1,remaining
3922,20,0,1,0,1,0,0,0,0,0,1,0,1,1,remaining
194,2,1,0,1,1,0,0,0,0,0,0,1,0,1,remaining
5704,25,1,1,0,1,0,0,0,0,1,0,1,1,0,remaining
3195,2,0,0,0,0,0,0,0,1,0,1,0,1,1,discriminated
5342,2,1,0,0,1,0,0,0,0,0,0,1,1,0,remaining
1696,7,1,0,0,0,0,0,0,0,0,0,1,1,0,remaining
4405,1,0,0,0,1,0,0,0,0,0,0,0,0,0,remaining
348,2,0,1,0,0,0,0,0,0,1,1,0,0,0,remaining
1825,0,0,1,0,0,0,0,0,0,0,1,0,0,0,remaining
6106,5,1,0,0,0,0,0,0,0,0,1,1,0,1,remaining
2745,4,0,1,0,0,0,0,0,1,0,0,0,0,0,discriminated
1641,0,0,0,0,1,0,0,0,0,0,0,0,0,0,remaining
5876,2,0,0,0,0,0,0,0,0,0,1,0,0,0,remaining
1899,13,1,0,0,1,0,0,0,0,0,0,1,0,1,remaining
2421,5,0,1,0,1,0,0,0,0,0,0,0,0,0,remaining
3932,0,0,0,0,1,0,0,0,0,0,1,0,1,1,remaining
2064,1,1,0,1,1,0,0,0,0,0,0,1,0,1,remaining
4769,0,0,0,1,0,0,0,0,0,0,1,0,1,1,remaining
4578,1,1,0,1,1,0,0,0,0,0,1,1,1,0,remaining
3353,0,0,0,1,0,0,0,0,0,1,1,0,0,0,remaining
3114,1,0,1,0,0,0,0,0,1,0,1,0,0,0,discriminated
1309,6,0,1,0,0,0,0,0,0,0,0,0,1,1,remaining
4496,2,1,0,0,1,0,0,0,0,0,0,1,0,1,remaining
2806,5,1,0,0,0,0,0,0,0,1,0,1,0,1,remaining
5840,2,0,1,0,1,0,0,0,0,0,0,0,0,0,remaining
1925,0,1,0,0,0,0,0,0,0,0,1,1,1,0,remaining
4567,1,0,1,0,1,0,0,0,0,0,0,0,0,0,remaining
4402,2,1,0,1,1,0,0,0,0,0,0,1,1,0,remaining
3525,0,0,0,1,1,0,0,0,0,0,1,1,0,1,remaining
550,0,1,0,0,1,0,0,0,0,0,0,0,1,1,remaining
5954,4,0,0,0,1,0,0,0,0,0,0,0,1,1,remaining
1203,1,1,0,1,1,0,0,0,0,0,0,1,0,1,remaining
2543,24,1,0,0,1,0,0,0,0,0,1,1,1,0,remaining
4946,1,0,0,0,0,0,1,0,0,0,0,0,0,0,remaining
1876,15,1,0,0,1,0,0,0,0,0,0,1,1,0,remaining
140,1,0,0,1,1,0,0,0,0,0,0,1,0,1,remaining
3882,1,1,0,0,1,0,0,0,0,0,1,0,1,1,remaining
2117,16,1,0,0,1,0,0,0,0,0,0,1,1,0,remaining
2975,5,0,0,0,0,0,0,0,0,0,0,0,1,1,remaining
237,3,1,1,0,1,0,0,0,0,0,0,0,1,1,remaining
4211,1,0,0,0,0,0,0,0,0,0,1,0,0,0,remaining
4952,1,1,0,1,0,0,1,0,0,1,0,0,0,0,remaining
2591,1,0,0,0,0,0,0,0,0,1,1,0,0,0,remaining
4795,1,0,0,0,1,0,0,0,0,0,0,0,0,0,remaining
366,1,1,0,1,0,0,0,0,0,0,0,1,1,0,remaining
453,0,0,0,0,0,0,0,0,0,0,0,0,0,0,remaining
1385,0,1,0,1,0,0,1,0,0,0,0,0,0,0,remaining
3420,0,0,0,0,1,0,0,0,0,0,1,0,1,1,remaining
2252,2,0,0,0,0,0,0,0,1,0,0,0,1,1,discriminated
2327,4,0,0,0,0,0,0,0,0,1,0,1,0,1,remaining
2119,1,0,0,1,0,0,0,0,0,0,1,0,0,0,remaining
5567,0,0,0,0,0,0,0,0,0,0,0,0,1,1,remaining
2082,4,1,0,1,1,0,0,0,0,0,0,1,1,0,remaining
1841,3,0,0,0,1,0,0,0,0,0,0,1,0,1,remaining
1422,13,1,0,0,0,0,0,0,0,0,0,1,1,0,remaining
5553,5,1,0,0,1,0,0,0,0,0,0,1,1,0,remaining
3022,0,0,0,0,0,0,0,0,0,0,1,0,0,0,remaining
254,0,0,1,0,0,0,0,0,0,0,0,0,0,0,remaining
3757,0,0,0,0,1,0,0,0,0,1,1,0,0,0,remaining
1929,1,0,0,0,0,0,0,0,0,0,1,0,0,0,remaining
5279,3,0,0,1,1,0,0,0,0,0,1,1,1,0,remaining
5201,4,0,1,0,0,0,0,0,0,1,0,0,0,0,remaining
4852,1,0,1,0,0,0,0,0,0,0,1,0,0,0,remaining
3376,2,1,0,1,0,0,0,0,0,0,0,1,1,0,remaining
3679,0,0,0,0,0,0,0,0,1,0,0,0,1,1,discriminated
2717,0,0,0,0,0,0,0,0,0,0,1,0,0,0,remaining
441,4,1,1,0,1,0,0,0,0,0,1,1,0,1,remaining
5084,8,0,0,1,0,0,0,0,0,0,0,1,1,0,remaining
229,0,0,1,0,1,0,0,0,0,1,0,0,0,0,remaining
3830,0,0,0,0,1,0,0,0,0,0,0,0,1,1,remaining
99,10,1,0,0,1,0,0,0,0,0,0,1,1,0,remaining
1529,0,0,0,1,0,1,0,0,0,0,1,0,0,0,remaining
1160,2,0,0,0,1,0,0,0,0,0,0,0,1,1,remaining
1610,2,0,0,0,1,0,0,0,0,0,1,0,1,1,remaining
4691,2,0,0,0,1,0,0,0,0,0,0,0,0,0,remaining
278,1,1,0,0,0,0,0,0,0,0,0,0,0,0,remaining
2247,0,1,0,0,0,0,0,0,0,0,0,1,0,1,remaining
2630,3,0,1,0,1,0,0,0,0,0,1,0,1,1,remaining
2901,0,0,0,0,0,0,0,0,0,0,0,0,0,0,remaining
5768,2,0,1,0,0,0,0,0,0,0,0,0,1,1,remaining
1631,2,0,0,0,0,0,0,0,0,0,0,0,1,1,remaining
2424,8,1,0,0,0,0,0,0,1,0,0,1,1,0,discriminated
13,0,0,0,0,0,0,1,0,0,0,1,0,0,0,remaining
3861,3,0,0,0,0,0,0,0,0,0,1,0,1,1,remaining
1516,0,0,0,0,1,0,0,0,0,0,0,0,1,1,remaining
1205,3,0,0,0,1,0,0,0,0,0,0,1,1,0,remaining
1351,8,0,1,0,1,0,0,0,0,0,0,0,1,1,remaining
650,6,1,0,0,1,0,0,0,0,0,0,1,0,1,remaining
1271,1,0,1,0,0,0,0,0,0,0,1,0,0,0,remaining
3769,0,0,0,0,0,0,1,0,0,1,0,0,0,0,remaining
1658,0,1,0,0,1,0,0,0,0,0,0,0,1,1,remaining
5855,1,0,1,0,0,0,0,0,0,0,0,0,0,0,remaining
4671,6,1,0,0,0,0,0,0,0,1,0,1,0,1,remaining
4754,1,0,0,1,0,0,1,0,0,0,0,1,1,0,remaining
799,5,1,0,0,1,0,0,0,0,0,0,1,1,0,remaining
2943,0,0,0,1,0,0,1,0,0,0,1,0,0,0,remaining
2605,5,1,1,0,0,0,0,0,0,0,0,1,1,0,remaining
5956,6,1,0,1,0,0,0,0,1,0,0,1,1,0,discriminated
4176,1,0,0,0,1,0,0,0,0,1,1,0,0,0,remaining
5074,0,1,1,0,0,0,0,0,0,0,0,1,0,1,remaining
1434,14,1,1,0,1,0,0,0,0,0,0,1,1,0,remaining
3277,0,0,0,0,1,0,0,0,0,0,0,0,1,1,remaining
517,5,1,0,0,1,0,0,0,0,0,1,1,1,0,remaining
1028,0,0,0,0,0,0,0,0,0,0,0,0,0,0,remaining
2524,1,0,0,1,0,0,0,0,1,0,0,0,1,1,discriminated
4591,5,0,0,0,1,0,0,0,0,0,1,0,0,0,remaining
4513,0,0,0,0,0,0,0,0,0,0,1,0,0,0,remaining
2457,6,1,0,0,1,0,0,0,0,0,0,1,0,1,remaining
1357,3,1,0,0,0,0,0,0,1,0,0,0,0,0,discriminated
1248,1,1,0,1,1,0,0,0,0,1,0,1,0,1,remaining
1576,0,1,0,1,1,0,0,0,0,0,0,1,1,0,remaining
5154,9,1,0,0,1,0,0,0,0,0,1,1,0,1,remaining
2840,0,0,1,0,0,0,0,0,0,0,1,0,0,0,remaining
586,2,1,1,0,0,0,0,0,0,0,0,1,1,0,remaining
4082,20,1,0,0,1,0,0,0,0,0,0,1,1,0,remaining
5100,2,0,1,0,0,0,0,0,0,0,1,0,1,1,remaining
5596,2,1,0,0,1,0,0,0,0,1,0,1,1,0,remaining
501,0,1,0,1,0,0,0,0,0,1,0,0,0,0,remaining
4330,0,1,0,0,1,0,0,0,0,0,0,0,0,0,remaining
3969,1,1,0,0,0,0,1,0,0,0,1,0,0,0,remaining
795,1,0,0,0,0,0,0,0,0,1,1,0,0,0,remaining
1905,0,0,0,1,0,0,0,0,0,1,0,0,1,1,remaining
3731,2,0,0,0,0,0,0,0,0,0,0,0,1,1,remaining
4166,5,1,0,0,1,0,0,0,0,0,0,1,0,1,remaining
1475,15,1,1,0,1,0,0,0,0,0,0,1,1,0,remaining
2620,0,1,0,0,0,0,0,0,0,0,1,1,1,0,remaining
3105,5,1,0,0,1,0,0,0,0,0,1,1,0,1,remaining
251,2,0,1,0,0,0,0,0,0,0,0,0,0,0,remaining
2239,12,1,0,0,1,0,0,0,0,0,1,1,1,0,remaining
34,0,0,0,0,0,0,0,0,0,0,1,0,0,0,remaining
4090,24,1,0,0,1,0,0,0,0,0,0,1,1,0,remaining
2319,0,0,1,0,1,0,0,0,0,0,0,0,0,0,remaining
2747,9,1,0,0,1,0,0,0,0,0,0,1,1,0,remaining
3121,13,1,1,0,1,0,0,0,0,0,0,1,0,1,remaining
4318,1,0,1,0,0,0,0,0,1,0,0,0,0,0,discriminated
1075,0,0,0,1,1,0,0,0,0,0,0,0,1,1,remaining
4962,5,0,0,0,0,0,1,0,0,0,0,0,0,0,remaining
4664,8,1,0,0,1,0,0,0,0,0,0,1,0,1,remaining
4624,3,0,0,0,1,0,0,0,0,0,1,1,1,0,remaining
5197,15,1,0,0,0,0,0,0,0,0,0,1,1,0,remaining
1265,0,0,0,0,0,0,0,0,0,0,1,0,0,0,remaining
6035,0,0,0,0,1,0,0,0,0,0,0,0,0,0,remaining
1210,0,0,0,0,1,0,0,0,0,0,1,0,0,0,remaining
5116,1,0,1,0,0,0,0,0,0,0,1,0,1,1,remaining
3350,4,0,0,0,1,0,0,0,0,0,1,1,0,1,remaining
428,4,0,1,0,0,0,0,0,0,0,1,0,0,0,remaining
3627,0,0,1,0,0,0,0,0,0,1,0,0,0,0,remaining
3562,7,1,0,0,1,0,0,0,0,0,1,1,1,0,remaining
4961,26,1,0,0,0,0,1,0,0,0,0,0,1,1,remaining
3964,0,0,1,0,0,0,0,0,0,1,1,0,0,0,remaining
3406,4,1,0,0,1,0,0,0,0,0,0,1,1,0,remaining
5888,17,1,0,0,1,0,0,0,0,0,0,1,1,0,remaining
4542,0,0,1,0,0,0,0,0,0,0,1,0,1,1,remaining
5812,0,1,0,1,0,0,0,0,0,0,1,1,1,0,remaining
4856,5,0,0,0,1,0,0,0,0,1,0,0,0,0,remaining
3522,0,1,0,1,1,0,0,0,0,1,1,0,0,0,remaining
6051,2,1,0,0,1,0,0,0,0,0,1,0,1,1,remaining
5580,1,0,0,1,1,0,0,0,0,0,0,1,1,0,remaining
3654,6,1,0,0,1,0,0,0,0,0,0,1,1,0,remaining
5557,11,1,0,0,1,0,0,0,0,0,0,1,1,0,remaining
1923,25,1,0,0,1,0,0,0,0,0,0,1,1,0,remaining
1661,1,0,0,1,0,0,0,0,0,0,0,0,1,1,remaining
3825,0,0,1,0,0,0,0,0,0,1,1,0,1,1,remaining
4601,4,0,0,0,0,0,0,0,0,0,0,1,1,0,remaining
4424,0,0,1,0,0,0,1,0,0,0,0,0,0,0,remaining
5510,6,0,0,0,0,0,0,0,0,0,1,1,1,0,remaining
1354,0,0,1,0,0,1,0,0,0,0,1,0,0,0,remaining
623,0,0,0,1,1,0,0,0,0,0,0,0,0,0,remaining
4208,4,1,1,0,0,0,0,0,0,0,1,1,0,1,remaining
4511,2,1,0,1,1,0,0,0,0,0,1,1,1,0,remaining
3871,21,1,0,0,1,0,0,0,0,0,0,1,1,0,remaining
1386,8,1,0,0,1,0,0,0,0,0,0,1,1,0,remaining
2458,0,1,0,1,0,0,1,0,0,0,0,0,0,0,remaining
4906,8,1,0,0,1,0,0,0,0,1,0,1,0,1,remaining
1186,0,0,0,0,1,0,0,0,0,0,0,0,1,1,remaining
3845,0,0,0,1,0,0,0,0,0,0,0,0,1,1,remaining
4505,3,1,0,1,1,0,0,0,0,0,0,1,1,0,remaining
5142,0,0,0,0,0,0,1,0,0,0,1,0,1,1,remaining
2500,0,0,0,0,1,0,0,0,0,0,1,0,1,1,remaining
1029,0,0,0,0,0,0,1,0,0,0,1,0,0,0,remaining
2722,1,0,0,1,1,0,0,0,0,0,1,1,1,0,remaining
5701,5,1,0,1,1,0,0,0,0,0,0,1,1,0,remaining
5140,2,0,0,0,0,0,0,0,1,0,0,0,1,1,discriminated
3335,1,1,0,1,1,0,0,0,0,0,0,1,1,0,remaining
2626,10,1,1,0,1,0,0,0,0,0,0,1,0,1,remaining
3789,2,1,0,0,1,0,0,0,0,0,0,1,0,1,remaining
938,2,1,0,1,0,0,0,0,0,1,0,0,0,0,remaining
3701,0,1,0,0,1,0,0,0,0,0,0,0,0,0,remaining
2293,0,0,0,0,1,0,0,0,0,0,0,0,0,0,remaining
6120,3,0,0,0,0,0,0,0,0,0,1,0,1,1,remaining
1331,0,0,1,0,0,0,0,0,0,1,1,0,0,0,remaining
3333,0,0,1,0,0,0,1,0,0,0,1,0,0,0,remaining
2784,1,0,0,0,0,0,0,0,0,0,0,0,0,0,remaining
1614,14,1,0,0,1,0,0,0,0,0,0,1,1,0,remaining
3579,6,0,1,0,0,0,0,0,0,0,0,0,0,0,remaining
3902,0,0,0,0,1,0,0,0,0,1,0,0,0,0,remaining
1521,5,1,0,0,0,0,0,0,0,0,0,1,1,0,remaining
1347,1,0,0,0,1,0,0,0,0,0,0,0,0,0,remaining
1955,2,0,0,0,1,0,0,0,0,0,0,0,0,0,remaining
659,0,0,1,0,0,0,0,0,0,0,1,0,0,0,remaining
5079,0,0,0,0,0,0,1,0,0,1,1,0,0,0,remaining
2390,4,0,1,0,0,0,0,0,1,0,1,1,1,0,discriminated
5611,2,1,0,1,1,0,0,0,0,1,0,1,1,0,remaining
4481,11,1,0,1,0,0,0,0,0,0,0,1,1,0,remaining
4813,1,0,0,0,1,0,0,0,0,0,1,0,0,0,remaining
3900,3,1,0,0,1,0,0,0,0,0,0,1,1,0,remaining
871,0,0,0,0,0,0,0,0,1,0,0,0,1,1,discriminated
4419,0,0,0,1,0,0,1,0,0,0,0,0,1,1,remaining
3744,0,1,0,0,1,0,0,0,0,0,1,0,0,0,remaining
1763,7,1,0,0,0,0,0,0,0,0,1,1,1,0,remaining
3854,2,0,0,0,0,0,1,0,0,0,0,0,0,0,remaining
1152,0,0,0,0,0,0,0,0,0,1,1,0,0,0,remaining
680,0,0,1,0,0,0,1,0,0,0,1,0,0,0,remaining
1202,1,1,0,1,1,0,0,0,0,0,0,1,0,1,remaining
6170,3,0,0,0,1,0,0,0,0,1,1,0,0,0,remaining
5097,0,0,0,1,0,0,0,0,1,0,0,0,0,0,discriminated
6160,19,1,0,0,1,0,0,0,0,0,0,1,1,0,remaining
2490,6,1,0,0,1,0,0,0,0,0,0,1,1,0,remaining
1193,1,0,0,1,1,0,0,0,0,1,1,0,1,1,remaining
5301,0,1,0,1,1,0,0,0,0,0,0,1,0,1,remaining
3912,1,0,0,0,0,0,0,0,0,0,1,0,0,0,remaining
649,5,1,0,0,1,0,0,0,0,0,0,1,1,0,remaining
4621,3,0,0,0,1,0,0,0,0,0,1,1,0,1,remaining
3510,0,1,0,0,1,0,0,0,0,0,1,0,0,0,remaining
5161,1,0,0,1,1,0,0,0,0,0,0,1,1,0,remaining
418,4,0,0,0,1,0,0,0,0,0,0,0,1,1,remaining
1541,0,1,1,0,0,0,0,0,0,0,1,1,0,1,remaining
1826,11,1,0,0,0,0,0,0,0,0,0,1,1,0,remaining
27,9,1,0,0,0,0,0,0,0,0,0,1,1,0,remaining
5805,4,1,0,0,1,0,0,0,0,0,0,1,1,0,remaining
3608,12,0,0,0,1,0,0,0,0,0,0,1,1,0,remaining
1559,0,0,1,0,0,0,0,0,0,0,1,0,0,0,remaining
602,18,1,1,0,1,0,0,0,0,0,0,1,1,0,remaining
4316,2,1,0,1,1,0,0,0,0,1,0,1,1,0,remaining
55,4,1,0,0,1,0,0,0,0,0,0,1,1,0,remaining
2953,0,1,0,0,1,0,0,0,0,0,0,0,1,1,remaining
482,5,0,0,0,1,0,0,0,0,0,1,0,1,1,remaining
3334,6,1,0,0,0,0,0,0,1,0,0,0,1,1,discriminated
2850,7,0,0,0,1,0,0,0,0,0,0,0,0,0,remaining
3948,0,1,0,1,1,0,0,0,0,0,0,1,1,0,remaining
417,0,0,1,0,1,0,0,0,0,0,1,0,0,0,remaining
2786,0,0,0,1,1,0,0,0,0,0,1,1,1,0,remaining
5848,2,0,0,0,0,0,0,0,0,0,1,0,1,1,remaining
5749,0,0,0,1,1,0,0,0,0,0,1,1,0,1,remaining
1239,3,0,1,0,0,0,1,0,0,0,0,1,0,1,remaining
4374,2,0,0,0,1,0,0,0,0,0,0,0,0,0,remaining
6046,2,0,1,0,0,0,0,0,0,1,1,0,0,0,remaining
4501,6,1,0,0,1,0,0,0,0,0,0,1,1,0,remaining
2550,1,0,0,0,1,0,0,0,0,1,1,0,0,0,remaining
1495,5,1,0,0,1,0,0,0,0,0,0,1,1,0,remaining
108,6,0,0,0,0,0,0,0,0,0,0,0,0,0,remaining
1551,2,0,1,0,0,0,0,0,0,0,1,0,1,1,remaining
731,7,1,0,1,1,0,0,0,0,0,1,1,0,1,remaining
5507,2,0,0,0,1,0,0,0,0,1,0,0,1,1,remaining
3540,0,0,1,0,1,0,0,0,0,0,0,0,1,1,remaining
2036,0,0,0,1,1,0,0,0,0,0,0,0,0,0,remaining
3148,0,0,0,0,1,0,0,0,0,0,1,0,0,0,remaining
4177,1,1,0,1,1,0,0,0,0,0,0,1,0,1,remaining
4796,0,1,0,0,1,0,0,0,0,0,0,0,0,0,remaining
2387,1,1,0,0,0,0,1,0,0,0,1,0,0,0,remaining
3287,2,0,1,0,0,0,0,0,0,0,0,0,0,0,remaining
5790,0,0,0,0,1,0,0,0,0,0,0,0,0,0,remaining
5652,5,1,0,0,1,0,0,0,0,0,0,1,1,0,remaining
4905,0,0,0,0,1,0,0,0,0,0,1,0,0,0,remaining
2037,10,1,1,0,1,0,0,0,0,0,0,1,1,0,remaining
5191,1,1,0,0,1,0,0,0,0,0,0,0,1,1,remaining
2835,6,0,1,0,1,0,0,0,0,0,0,0,0,0,remaining
5238,3,1,1,0,0,0,1,0,0,0,0,0,1,1,remaining
1353,0,0,0,0,1,0,0,0,0,0,0,0,0,0,remaining
407,1,0,1,0,0,0,0,0,0,0,0,0,1,1,remaining
5675,2,0,0,0,1,0,0,0,0,0,0,0,1,1,remaining
1429,2,1,0,0,0,0,0,0,0,1,0,1,1,0,remaining
455,0,1,0,0,1,0,0,0,0,0,0,0,0,0,remaining
2189,0,0,0,1,1,0,0,0,0,0,0,0,0,0,remaining
1178,5,0,0,1,0,0,0,0,1,0,0,1,1,0,discriminated
2813,0,0,0,0,0,0,0,0,0,0,0,0,0,0,remaining
3267,3,0,1,0,0,0,0,0,0,0,0,0,0,0,remaining
839,0,1,0,1,1,0,0,0,0,0,0,1,1,0,remaining
5384,0,0,0,1,0,0,0,0,0,0,1,0,0,0,remaining
5528,2,1,0,1,1,0,0,0,0,0,0,1,1,0,remaining
1376,0,0,0,0,1,0,0,0,0,0,0,0,0,0,remaining
863,0,0,1,0,0,0,1,0,0,0,1,0,0,0,remaining
3348,1,0,0,0,0,0,0,0,0,1,1,0,1,1,remaining
3347,5,1,0,0,1,0,0,0,0,0,0,1,0,1,remaining
4495,9,1,0,0,0,0,0,0,0,0,0,1,1,0,remaining
3044,1,0,0,0,0,0,0,0,0,0,0,0,0,0,remaining
5136,12,1,0,0,1,0,0,0,0,0,1,1,1,0,remaining
1192,1,1,1,0,0,0,0,0,0,0,0,1,1,0,remaining
4600,3,0,1,0,0,0,0,0,0,0,0,0,1,1,remaining
2577,4,1,0,1,1,0,0,0,0,0,0,1,1,0,remaining
5560,1,0,0,0,1,0,0,0,0,0,1,0,0,0,remaining
4349,0,0,0,0,1,0,0,0,0,0,0,0,1,1,remaining
5640,1,0,0,0,0,0,0,0,0,0,1,0,0,0,remaining
862,1,0,1,0,0,0,0,0,0,0,0,0,0,0,remaining
50,8,1,1,0,0,0,0,0,0,0,0,1,0,1,remaining
4451,0,0,0,1,1,0,0,0,0,0,0,0,0,0,remaining
2706,3,1,0,1,0,0,0,0,1,0,1,0,1,1,discriminated
5548,1,0,0,0,1,0,0,0,0,0,1,0,0,0,remaining
3460,3,1,0,0,1,0,0,0,0,0,0,1,1,0,remaining
429,12,1,1,0,0,0,0,0,1,0,0,1,0,1,discriminated
5904,8,1,0,0,0,0,0,0,0,0,0,1,1,0,remaining
2768,1,0,0,1,1,0,0,0,0,0,1,1,0,1,remaining
248,5,0,0,0,1,0,0,0,0,0,0,0,1,1,remaining
4944,1,0,0,0,0,0,0,0,0,1,0,0,0,0,remaining
3304,0,0,0,1,0,0,0,0,0,0,1,0,0,0,remaining
2451,0,1,0,1,1,0,0,0,0,0,1,0,0,0,remaining
5284,7,1,0,0,1,0,0,0,0,1,0,1,1,0,remaining
5042,0,0,0,0,0,0,0,0,0,1,0,1,0,1,remaining
3180,0,0,0,1,1,0,0,0,0,0,0,0,0,0,remaining
4049,1,1,0,0,0,0,1,0,0,0,0,0,0,0,remaining
4383,0,1,0,1,0,0,1,0,0,0,0,0,1,1,remaining
5829,38,1,1,0,1,0,0,0,0,0,0,1,1,0,remaining
5399,2,0,0,0,0,0,0,0,1,0,0,0,1,1,discriminated
316,1,0,0,0,1,0,0,0,0,0,0,0,0,0,remaining
1587,0,0,0,1,1,0,0,0,0,0,0,0,1,1,remaining
5034,0,0,0,0,0,0,0,0,0,0,1,0,0,0,remaining
3445,6,0,0,0,1,0,0,0,0,0,0,1,0,1,remaining
2355,2,1,0,0,0,0,0,0,0,0,0,0,1,1,remaining
5823,1,1,0,0,0,0,0,0,0,0,0,0,0,0,remaining
4683,0,1,0,1,0,0,1,0,0,0,0,0,1,1,remaining
29,0,0,1,0,0,0,0,0,0,0,0,0,0,0,remaining
4819,2,0,1,0,1,0,0,0,0,0,1,0,0,0,remaining
4050,3,0,0,0,0,0,0,0,0,0,1,0,0,0,remaining
810,2,0,0,0,0,0,0,0,0,0,0,0,0,0,remaining
4394,7,1,0,0,1,0,0,0,0,0,0,1,0,1,remaining
5620,7,1,0,0,1,0,0,0,0,1,0,1,1,0,remaining
493,0,0,1,0,0,0,0,0,0,1,1,0,0,0,remaining
5335,0,0,0,0,0,0,1,0,0,0,0,0,0,0,remaining
3660,3,0,1,0,0,0,0,0,0,0,1,0,0,0,remaining
5915,3,1,1,0,1,0,0,0,0,0,1,0,1,1,remaining
2532,0,1,0,0,0,0,1,0,0,0,0,0,1,1,remaining
3110,0,0,0,0,1,0,0,0,0,0,0,0,0,0,remaining
369,0,0,0,0,0,0,0,0,0,0,1,0,0,0,remaining
4119,2,1,0,0,1,0,0,0,0,0,0,1,1,0,remaining
4448,0,0,0,0,1,0,0,0,0,0,0,0,0,0,remaining
2945,0,0,0,0,0,0,0,0,1,0,1,0,0,0,discriminated
192,4,0,0,0,0,0,0,0,1,0,0,1,1,0,discriminated
3546,0,0,0,0,0,0,0,0,1,0,1,0,0,0,discriminated
3168,5,1,0,0,0,0,1,0,0,0,1,1,1,0,remaining
1637,7,1,0,0,1,0,0,0,0,0,0,1,1,0,remaining
4444,7,0,0,0,1,0,0,0,0,0,1,1,0,1,remaining
4358,1,1,0,0,0,0,0,0,0,0,0,0,0,0,remaining
2028,0,0,0,0,0,0,0,0,0,0,0,0,0,0,remaining
4994,0,1,0,0,1,0,0,0,0,0,0,0,1,1,remaining
5937,1,1,0,1,0,0,0,0,0,1,1,0,0,0,remaining
1117,0,0,0,0,1,0,0,0,0,0,1,0,0,0,remaining
5866,0,0,0,0,0,0,0,0,0,1,0,1,0,1,remaining
1322,2,1,0,1,1,0,0,0,0,1,0,1,1,0,remaining
3822,0,0,1,0,0,0,0,0,1,0,1,0,0,0,discriminated
2561,9,1,0,0,0,0,0,0,0,0,0,1,0,1,remaining
5574,0,0,1,0,0,0,1,0,0,0,0,0,0,0,remaining
2985,1,1,0,1,1,0,0,0,0,0,1,1,1,0,remaining
4734,0,0,0,0,1,0,0,0,0,0,0,0,0,0,remaining
3431,0,0,1,0,0,0,0,0,0,0,0,0,0,0,remaining
5612,0,0,0,1,0,0,0,0,1,0,0,0,1,1,discriminated
4145,0,1,0,1,1,0,0,0,0,0,1,0,1,1,remaining
2527,0,0,0,1,1,0,0,0,0,1,0,0,0,0,remaining
3452,1,0,1,0,1,0,0,0,0,1,0,0,0,0,remaining
2959,0,0,0,0,0,0,1,0,0,0,1,0,0,0,remaining
6059,10,0,1,0,1,0,0,0,0,0,0,1,1,0,remaining
267,0,0,1,0,0,0,0,0,0,0,1,0,0,0,remaining
4106,0,0,0,0,1,0,0,0,0,0,1,0,0,0,remaining
272,36,1,1,0,0,0,0,0,0,0,0,1,1,0,remaining
42,0,0,1,0,0,0,0,0,0,0,1,0,0,0,remaining
5272,4,0,0,0,1,0,0,0,0,0,0,0,1,1,remaining
2715,2,0,0,0,1,0,0,0,0,0,0,0,1,1,remaining
4794,0,0,1,0,0,0,1,0,0,0,0,0,0,0,remaining
1046,4,1,0,0,1,0,0,0,0,0,0,1,1,0,remaining
4042,3,0,1,0,1,0,0,0,0,0,0,0,0,0,remaining
2280,3,0,0,1,0,0,0,0,0,0,0,1,1,0,remaining
3521,6,1,0,0,0,0,0,0,0,1,0,1,0,1,remaining
4043,1,0,0,1,1,0,0,0,0,0,0,1,1,0,remaining
3337,1,0,0,1,0,0,0,0,0,0,0,0,1,1,remaining
5802,1,1,0,0,0,0,0,0,0,1,0,0,0,0,remaining
2983,0,1,0,1,0,0,0,0,0,0,1,1,0,1,remaining
1509,4,0,1,0,0,0,0,0,0,1,0,0,1,1,remaining
1219,2,0,1,0,0,0,0,0,0,1,0,0,0,0,remaining
5997,9,1,0,0,1,0,0,0,0,0,1,1,1,0,remaining
208,1,0,1,0,0,0,0,0,0,0,1,0,0,0,remaining
4620,0,0,1,0,0,1,0,0,0,0,1,0,0,0,remaining
2879,0,0,0,1,0,0,0,0,1,0,0,0,1,1,discriminated
1961,2,0,0,0,1,0,0,0,0,0,1,0,0,0,remaining
2370,0,0,0,1,0,0,1,0,0,0,0,0,1,1,remaining
2294,1,0,0,1,1,0,0,0,0,0,1,1,0,1,remaining
4127,0,0,0,0,0,0,0,0,1,0,0,0,0,0,discriminated
5433,2,1,0,0,1,0,0,0,0,0,0,1,0,1,remaining
3125,9,1,0,0,0,0,0,0,0,0,0,1,1,0,remaining
4652,0,0,0,0,1,0,0,0,0,0,0,0,0,0,remaining
4449,0,1,0,0,1,0,0,0,0,0,0,0,0,0,remaining
5865,0,0,0,0,0,0,0,0,1,0,1,0,0,0,discriminated
4387,3,1,0,0,1,0,0,0,0,0,0,1,1,0,remaining
3628,0,0,1,0,1,0,0,0,0,0,0,0,0,0,remaining
593,10,1,0,0,1,0,0,0,0,0,1,1,1,0,remaining
3359,29,1,0,0,1,0,0,0,0,0,0,1,1,0,remaining
2557,3,0,1,0,0,0,0,0,0,0,1,0,0,0,remaining
699,2,0,1,0,0,0,0,0,0,0,0,0,0,0,remaining
3645,1,0,0,0,0,0,0,0,0,0,0,0,0,0,remaining
5985,4,0,0,0,1,0,0,0,0,0,0,0,1,1,remaining
4047,4,0,0,0,0,0,0,0,0,0,0,1,1,0,remaining
1827,5,1,1,0,1,0,0,0,0,0,0,1,1,0,remaining
1749,11,1,0,0,1,0,0,0,0,0,0,1,1,0,remaining
309,0,1,0,1,1,0,0,0,0,0,0,1,1,0,remaining
4360,1,0,1,0,1,0,0,0,0,0,1,0,0,0,remaining
5526,0,1,1,0,1,0,0,0,0,1,0,1,1,0,remaining
4514,5,1,0,0,1,0,0,0,0,0,1,1,1,0,remaining
1295,0,0,1,0,0,0,0,0,0,0,0,0,0,0,remaining
182,2,1,0,0,1,0,0,0,0,0,1,0,0,0,remaining
1115,2,0,0,0,0,0,0,0,0,0,0,0,0,0,remaining
5975,0,0,0,0,0,0,0,0,1,1,0,0,0,0,discriminated
4824,4,1,0,1,1,0,0,0,0,0,0,1,1,0,remaining
2776,2,0,0,0,0,0,0,0,0,0,1,0,0,0,remaining
514,6,1,0,0,0,0,0,0,0,0,0,1,1,0,remaining
5432,4,1,0,1,0,0,0,0,0,0,1,1,1,0,remaining
2135,2,0,1,0,1,0,0,0,0,0,0,0,1,1,remaining
1973,2,0,0,0,0,0,0,0,0,1,0,0,0,0,remaining
3893,2,1,0,1,1,0,0,0,0,0,0,1,1,0,remaining
1287,0,0,0,1,1,0,0,0,0,1,0,0,1,1,remaining
5578,2,0,0,0,0,0,0,0,0,0,0,0,0,0,remaining
1068,0,1,0,0,0,0,1,0,0,0,1,0,1,1,remaining
285,1,0,1,0,0,0,1,0,0,0,1,0,0,0,remaining
4561,0,1,0,0,0,0,0,0,0,0,0,1,1,0,remaining
3738,2,1,0,0,0,0,0,0,0,0,1,0,1,1,remaining
1264,8,1,0,0,1,0,0,0,0,0,1,1,1,0,remaining
1577,0,0,1,0,0,0,0,0,0,0,1,0,0,0,remaining
633,1,1,0,0,1,0,0,0,0,1,1,0,0,0,remaining
510,11,1,0,1,1,0,0,0,0,0,0,1,1,0,remaining
3925,6,0,0,0,1,0,0,0,0,1,0,1,0,1,remaining
183,0,0,1,0,0,0,0,0,0,1,1,0,1,1,remaining
993,0,0,0,1,1,0,0,0,0,1,1,0,0,0,remaining
3143,0,1,0,0,0,0,0,0,0,0,1,1,1,0,remaining
1524,1,0,0,0,0,0,1,0,0,0,1,0,0,0,remaining
5708,2,1,0,0,0,0,1,0,0,0,1,1,1,0,remaining
1321,0,0,0,0,0,0,0,0,1,0,0,0,0,0,discriminated
1215,2,0,0,0,1,0,0,0,0,1,1,0,0,0,remaining
2345,0,1,0,0,1,0,0,0,0,1,1,0,1,1,remaining
4612,2,1,0,0,1,0,0,0,0,0,0,1,1,0,remaining
5254,4,1,0,1,0,0,0,0,0,0,0,1,0,1,remaining
3763,0,0,0,0,0,0,0,0,1,0,0,0,0,0,discriminated
2092,15,1,0,0,1,0,0,0,0,0,0,1,0,1,remaining
3994,1,0,0,0,0,0,0,0,0,0,0,0,0,0,remaining
1110,0,0,1,0,0,0,0,0,1,0,1,0,0,0,discriminated
4255,0,0,0,0,0,0,1,0,0,1,1,0,0,0,remaining
1616,9,1,0,0,1,0,0,0,0,0,0,1,1,0,remaining
3797,0,0,1,0,0,0,0,0,0,0,0,0,0,0,remaining
1553,3,0,0,0,0,0,0,0,0,0,1,0,0,0,remaining
5615,0,0,0,0,0,0,0,0,0,0,0,0,0,0,remaining
656,0,0,0,0,1,0,0,0,0,0,1,0,0,0,remaining
4304,1,0,0,0,0,0,0,0,0,0,1,0,0,0,remaining
1512,2,0,0,0,1,0,0,0,0,0,0,0,0,0,remaining
5091,1,1,0,0,1,0,0,0,0,0,0,0,0,0,remaining
772,3,0,0,0,0,0,0,0,0,1,1,0,0,0,remaining
1339,0,1,0,1,0,0,1,0,0,0,0,0,1,1,remaining
3230,1,0,0,0,1,0,0,0,0,1,1,0,0,0,remaining
4012,1,1,0,0,1,0,0,0,0,1,0,0,0,0,remaining
2038,4,1,0,0,1,0,0,0,0,0,0,1,1,0,remaining
4665,12,1,0,1,1,0,0,0,0,0,0,1,1,0,remaining
5891,1,0,0,0,0,0,0,0,0,0,0,0,0,0,remaining
3448,5,0,0,0,0,0,0,0,0,0,1,1,1,0,remaining
528,1,0,0,0,1,0,0,0,0,0,1,0,0,0,remaining
5291,0,0,1,0,1,0,0,0,0,0,0,0,1,1,remaining
2126,7,1,0,0,1,0,0,0,0,0,0,1,0,1,remaining
701,1,0,0,1,1,0,0,0,0,1,0,1,0,1,remaining
4834,2,0,0,0,0,0,0,0,0,0,1,0,0,0,remaining
5442,1,0,0,0,0,0,0,0,0,0,1,0,0,0,remaining
386,5,0,1,0,1,0,0,0,0,0,0,0,1,1,remaining
4218,1,1,0,1,1,0,0,0,0,0,0,1,1,0,remaining
12,7,0,0,0,1,0,0,0,0,0,0,0,1,1,remaining
363,0,0,0,0,0,0,0,0,0,0,0,0,0,0,remaining
3433,5,0,1,0,1,0,0,0,0,0,0,0,1,1,remaining
3166,4,0,1,0,0,0,0,0,0,1,0,0,0,0,remaining
4896,0,0,0,0,1,0,0,0,0,1,1,0,0,0,remaining
3438,0,0,0,0,0,0,0,0,0,0,0,0,0,0,remaining
3378,0,0,0,1,0,0,0,0,1,0,0,0,0,0,discriminated
4876,2,0,0,0,1,0,0,0,0,0,0,0,0,0,remaining
642,1,0,0,1,0,0,0,0,1,0,0,0,1,1,discriminated
3780,5,1,0,1,1,0,0,0,0,0,0,1,1,0,remaining
168,2,0,0,0,0,0,0,0,1,0,1,0,1,1,discriminated
1844,1,0,0,0,0,0,1,0,0,0,1,0,0,0,remaining
1526,12,1,0,0,0,0,1,0,0,0,0,1,0,1,remaining
4105,3,1,0,1,1,0,0,0,0,0,0,1,0,1,remaining
4768,4,1,0,0,1,0,0,0,0,1,0,1,0,1,remaining
1688,0,0,1,0,0,0,0,0,0,0,1,0,1,1,remaining
4550,0,0,0,0,0,0,0,0,0,0,1,0,0,0,remaining
4840,1,1,0,0,1,0,0,0,0,0,0,0,1,1,remaining
2988,1,0,0,0,1,0,0,0,0,0,1,0,0,0,remaining
4744,12,1,0,0,0,0,0,0,0,1,0,1,1,0,remaining
5402,7,1,0,1,1,0,0,0,0,1,0,1,0,1,remaining
4488,10,1,0,0,0,0,0,0,0,0,0,1,1,0,remaining
1474,4,0,1,0,0,0,0,0,0,0,0,0,0,0,remaining
4878,1,0,0,0,0,1,0,0,0,0,0,0,0,0,remaining
2114,1,0,0,0,0,0,0,0,0,0,1,0,1,1,remaining
3918,2,0,0,0,1,0,0,0,0,0,0,0,1,1,remaining
1884,0,0,0,0,0,0,0,0,1,1,0,0,0,0,discriminated
1257,5,1,0,0,0,0,0,0,0,1,0,1,0,1,remaining
3689,1,1,0,0,1,0,0,0,0,1,0,0,1,1,remaining
4273,26,1,1,0,0,0,0,0,0,0,0,1,1,0,remaining
1131,0,1,0,1,1,0,0,0,0,0,0,1,1,0,remaining
4173,5,1,0,0,1,0,0,0,0,0,0,1,0,1,remaining
566,4,1,0,0,0,0,0,0,1,0,1,1,1,0,discriminated
4093,3,0,1,0,0,0,0,0,0,0,0,0,1,1,remaining
963,0,1,0,1,1,0,0,0,0,1,0,0,0,0,remaining
5515,0,0,0,0,0,0,1,0,0,0,1,0,1,1,remaining
4752,1,0,0,0,1,0,0,0,0,0,0,0,0,0,remaining
3865,0,1,0,0,0,0,1,0,0,0,0,0,1,1,remaining
3464,1,1,0,0,1,0,0,0,0,0,1,0,0,0,remaining
3556,0,0,0,0,0,0,1,0,0,1,0,0,1,1,remaining
3635,0,0,0,0,0,1,0,0,0,0,0,0,0,0,remaining
660,4,0,0,0,1,0,0,0,0,0,0,0,0,0,remaining
2055,1,1,1,0,1,0,0,0,0,0,0,1,0,1,remaining
729,0,0,0,0,0,0,0,0,0,0,0,0,0,0,remaining
288,3,0,1,0,1,0,0,0,0,0,0,0,0,0,remaining
305,0,0,0,0,0,0,0,0,0,0,0,0,0,0,remaining
3325,4,0,0,0,1,0,0,0,0,0,1,1,1,0,remaining
3514,0,0,0,0,0,0,0,0,0,1,0,1,1,0,remaining
5022,1,0,0,0,1,0,0,0,0,1,1,0,0,0,remaining
5471,0,1,0,1,0,0,1,0,0,0,1,0,0,0,remaining
2767,10,1,0,0,1,0,0,0,0,0,0,1,1,0,remaining
2310,0,1,0,1,1,0,0,0,0,1,1,0,1,1,remaining
5798,3,1,0,0,0,0,1,0,0,0,0,1,1,0,remaining
3581,5,0,0,0,0,0,0,0,0,0,0,0,0,0,remaining
375,1,0,0,0,1,0,0,0,0,0,1,0,0,0,remaining
5923,5,0,0,0,1,0,0,0,0,0,1,0,0,0,remaining
4790,4,1,0,0,1,0,0,0,0,0,1,1,0,1,remaining
431,0,0,1,0,0,0,0,0,0,1,1,0,0,0,remaining
5998,2,1,1,0,1,0,0,0,0,0,1,0,0,0,remaining
2195,0,0,0,1,1,0,0,0,0,0,0,0,1,1,remaining
2094,1,0,1,0,1,0,0,0,0,0,1,0,0,0,remaining
5514,0,0,1,0,0,0,0,0,0,0,0,0,0,0,remaining
1288,7,1,0,0,1,0,0,0,0,0,1,1,1,0,remaining
1764,0,0,0,0,0,0,0,0,0,0,1,0,0,0,remaining
1627,0,1,0,1,1,0,0,0,0,0,0,1,0,1,remaining
739,0,0,0,1,1,0,0,0,0,0,0,0,0,0,remaining
2163,0,0,0,0,0,0,0,0,0,0,1,0,0,0,remaining
3245,6,0,1,0,0,0,0,0,0,0,0,0,1,1,remaining
1395,7,1,0,0,1,0,0,0,0,1,0,1,1,0,remaining
5650,0,0,1,0,0,0,0,0,0,0,0,0,1,1,remaining
3301,0,0,0,0,0,0,0,0,0,0,0,0,0,0,remaining
5974,0,0,1,0,1,0,0,0,0,0,1,0,0,0,remaining
4158,0,1,1,0,0,0,0,0,0,1,0,1,0,1,remaining
3970,3,1,0,1,1,0,0,0,0,0,0,1,1,0,remaining
1413,6,1,0,0,1,0,0,0,0,0,1,1,0,1,remaining
70,1,0,0,0,1,0,0,0,0,0,1,0,0,0,remaining
2314,5,0,0,0,1,0,0,0,0,0,0,0,1,1,remaining
97,3,0,0,0,1,0,0,0,0,0,0,1,0,1,remaining
78,7,1,0,0,0,0,0,0,0,0,0,1,1,0,remaining
1704,1,0,1,0,1,0,0,0,0,0,0,0,0,0,remaining
1710,5,0,1,0,1,0,0,0,0,0,0,0,0,0,remaining
4238,2,1,0,1,0,0,0,0,0,0,1,1,0,1,remaining
2685,13,1,1,0,1,0,0,0,0,0,0,1,1,0,remaining
2226,4,1,0,0,1,0,0,0,0,0,1,1,1,0,remaining
3489,0,0,0,0,0,1,0,0,0,0,1,0,0,0,remaining
5208,0,0,0,0,1,0,0,0,0,1,1,0,0,0,remaining
961,6,1,1,0,0,0,0,0,0,1,1,1,0,1,remaining
4844,1,0,0,0,0,0,0,0,1,0,0,0,0,0,discriminated
3875,1,1,0,1,1,0,0,0,0,0,0,1,0,1,remaining
1252,0,1,0,1,0,0,0,0,0,1,0,0,1,1,remaining
4657,8,1,0,0,1,0,0,0,0,0,1,1,0,1,remaining
4628,0,0,1,0,0,0,0,0,0,0,1,0,0,0,remaining
265,0,1,0,1,1,0,0,0,0,0,0,1,1,0,remaining
3508,16,1,0,0,0,0,1,0,0,0,0,1,1,0,remaining
5644,1,0,0,0,0,0,1,0,0,1,1,0,0,0,remaining
3473,1,0,1,0,0,0,1,0,0,0,0,0,0,0,remaining
2728,9,1,0,1,1,0,0,0,0,0,1,1,1,0,remaining
5826,2,0,1,0,0,0,0,0,0,0,1,0,0,0,remaining
549,2,0,0,0,0,0,0,0,0,0,0,0,1,1,remaining
1864,37,1,0,0,1,0,0,0,0,0,1,1,1,0,remaining
1340,1,0,1,0,0,0,0,0,0,1,1,0,0,0,remaining
3936,7,0,0,0,1,0,0,0,0,0,0,0,0,0,remaining
1831,0,0,0,0,1,0,0,0,0,0,0,0,0,0,remaining
347,0,0,0,1,0,0,0,0,0,0,0,0,0,0,remaining
3405,4,0,0,0,1,0,0,0,0,0,0,0,0,0,remaining
1059,4,1,0,0,1,0,0,0,0,0,0,1,1,0,remaining
4483,21,1,1,0,0,0,0,0,0,0,0,1,1,0,remaining
4371,12,1,0,0,1,0,0,0,0,0,0,1,0,1,remaining
3919,0,1,0,1,1,0,0,0,0,1,1,0,1,1,remaining
3202,1,0,1,0,0,0,0,0,0,1,1,0,1,1,remaining
5930,11,0,0,0,0,0,0,0,0,0,0,1,0,1,remaining
4009,3,1,1,0,1,0,0,0,0,0,0,0,1,1,remaining
1838,3,0,0,0,1,0,0,0,0,0,0,1,1,0,remaining
5436,0,1,0,1,1,0,0,0,0,0,1,0,1,1,remaining
5012,7,0,0,0,1,0,0,0,0,1,0,1,1,0,remaining
790,10,1,0,0,1,0,0,0,0,0,1,1,1,0,remaining
5328,0,1,0,0,0,0,0,0,0,0,0,1,0,1,remaining
3051,0,0,1,0,1,0,0,0,0,0,1,0,0,0,remaining
3801,2,1,0,1,0,0,1,0,0,0,0,1,0,1,remaining
851,1,0,1,0,0,0,1,0,0,0,1,0,0,0,remaining
6031,0,0,0,1,0,0,1,0,0,0,0,0,1,1,remaining
1077,4,0,1,0,0,0,0,0,0,0,0,0,0,0,remaining
3001,0,0,0,0,0,0,0,0,1,0,0,0,0,0,discriminated
2646,3,0,1,0,1,0,0,0,0,0,0,0,0,0,remaining
4836,3,1,0,0,1,0,0,0,0,0,0,1,0,1,remaining
3008,3,0,0,0,0,0,0,0,0,1,0,1,0,1,remaining
306,1,0,0,1,1,0,0,0,0,0,0,1,0,1,remaining
3418,0,0,0,1,0,0,0,0,0,1,0,0,0,0,remaining
3241,1,0,0,0,0,0,0,0,0,0,1,0,1,1,remaining
937,3,0,0,0,0,0,0,0,0,0,0,0,0,0,remaining
3023,0,0,0,0,1,0,0,0,0,0,0,0,0,0,remaining
3080,0,0,1,0,0,0,0,0,1,0,1,0,0,0,discriminated
2371,0,0,0,0,1,0,0,0,0,0,1,0,0,0,remaining
3250,10,1,0,0,1,0,0,0,0,0,1,1,1,0,remaining
6003,14,1,0,0,1,0,0,0,0,0,0,1,1,0,remaining
3402,1,0,0,0,1,0,0,0,0,0,1,0,1,1,remaining
588,2,0,0,0,1,0,0,0,0,0,1,0,0,0,remaining
2615,0,0,0,0,0,0,0,0,0,0,1,0,0,0,remaining
1407,19,0,1,0,1,0,0,0,0,0,0,1,0,1,remaining
4926,8,0,0,0,1,0,0,0,0,0,1,1,1,0,remaining
279,0,1,0,1,1,0,0,0,0,1,0,0,1,1,remaining
2792,0,0,0,0,0,0,0,0,0,0,1,0,0,0,remaining
5047,9,1,0,0,0,0,0,0,0,0,0,1,1,0,remaining
1156,0,0,1,0,0,0,0,0,0,1,1,0,0,0,remaining
1442,23,0,1,0,0,0,0,0,1,0,0,1,1,0,discriminated
3550,0,0,1,0,1,0,0,0,0,0,1,0,0,0,remaining
2395,5,0,0,0,0,0,1,0,0,0,0,0,0,0,remaining
2638,2,1,0,1,1,0,0,0,0,0,0,1,1,0,remaining
280,0,0,0,0,0,0,0,0,0,0,1,0,0,0,remaining
45,0,0,0,0,0,0,0,0,1,1,0,0,0,0,discriminated
292,0,0,0,0,0,0,0,0,1,0,1,0,0,0,discriminated
1237,12,1,0,1,1,0,0,0,0,0,1,0,1,1,remaining
3087,7,0,0,0,1,0,0,0,0,0,0,0,0,0,remaining
115,2,0,0,0,0,0,0,0,0,0,1,0,1,1,remaining
4963,1,0,1,0,0,0,0,0,0,0,0,0,0,0,remaining
121,0,0,0,0,0,0,0,0,0,1,1,0,0,0,remaining
3516,0,0,0,0,0,0,0,0,0,0,1,0,0,0,remaining
2086,0,0,0,1,0,0,1,0,0,0,0,0,1,1,remaining
4475,14,1,0,0,1,0,0,0,0,0,0,1,1,0,remaining
1675,0,0,1,0,0,0,0,0,0,0,1,0,0,0,remaining
1910,0,0,0,0,0,0,0,0,0,0,0,0,1,1,remaining
3365,4,1,0,0,1,0,0,0,0,1,0,1,0,1,remaining
5336,2,0,0,0,1,0,0,0,0,0,0,0,0,0,remaining
5671,1,1,0,1,1,0,0,0,0,0,0,1,0,1,remaining
5126,0,1,0,1,1,0,0,0,0,1,1,0,0,0,remaining
2810,0,0,0,0,0,0,0,0,0,1,1,0,0,0,remaining
486,15,1,0,0,1,0,0,0,0,0,0,1,0,1,remaining
3200,1,0,1,0,0,0,0,0,0,0,1,0,0,0,remaining
905,0,1,0,1,1,0,0,0,0,0,0,1,1,0,remaining
4853,4,1,1,0,0,0,0,0,0,0,0,1,0,1,remaining
1431,3,0,0,0,0,0,0,0,1,0,1,0,1,1,discriminated
4190,2,1,0,1,1,0,0,0,0,0,0,1,1,0,remaining
5033,1,1,0,1,0,0,0,1,0,0,0,1,1,0,remaining
1200,0,0,0,0,0,0,1,0,0,0,1,0,0,0,remaining
2606,0,0,0,1,1,0,0,0,0,1,1,0,0,0,remaining
5120,0,1,0,1,0,0,0,0,1,0,1,1,0,1,discriminated
1945,6,1,0,0,1,0,0,0,0,0,1,1,1,0,remaining
3618,0,1,0,1,1,0,0,0,0,1,0,0,1,1,remaining
2693,1,1,0,0,1,0,0,0,0,0,0,0,0,0,remaining
5115,1,1,0,1,1,0,0,0,0,0,0,1,0,1,remaining
1036,2,1,0,1,1,0,0,0,0,0,1,1,1,0,remaining
504,1,0,0,0,0,0,1,0,0,0,0,0,0,0,remaining
2990,0,0,1,0,0,0,0,0,0,0,0,0,0,0,remaining
1692,14,1,0,0,1,0,0,0,0,0,0,1,1,0,remaining
4443,8,0,1,0,1,0,0,0,0,0,0,0,0,0,remaining
4648,0,0,1,0,1,0,0,0,0,0,0,0,0,0,remaining
95,0,1,0,0,0,0,0,0,0,0,0,1,0,1,remaining
4789,1,0,0,1,0,0,1,0,0,1,0,0,0,0,remaining
4970,1,0,1,0,0,0,0,0,0,0,0,0,0,0,remaining
3858,0,0,0,0,0,0,0,0,1,1,1,0,1,1,discriminated
1473,8,1,0,0,1,0,0,0,0,0,0,1,0,1,remaining
1086,2,1,0,0,0,0,0,0,0,0,0,0,1,1,remaining
4227,0,0,0,1,0,0,0,0,0,0,1,0,1,1,remaining
2003,2,0,0,0,0,0,1,0,0,0,0,0,0,0,remaining
2568,2,0,0,0,1,0,0,0,0,0,0,0,0,0,remaining
4979,0,1,0,0,0,0,0,0,0,0,1,1,0,1,remaining
4274,2,0,1,0,0,0,0,0,0,0,1,0,1,1,remaining
5811,0,0,0,0,0,0,0,0,0,0,0,0,0,0,remaining
3805,12,0,1,0,1,0,0,0,0,0,0,0,0,0,remaining
6152,1,0,0,0,1,0,0,0,0,0,0,0,0,0,remaining
1697,8,0,0,0,1,0,0,0,0,0,0,1,0,1,remaining
1977,1,0,0,1,1,0,0,0,0,0,0,1,0,1,remaining
4803,1,0,1,0,0,0,0,0,0,1,0,0,0,0,remaining
1874,0,0,0,0,1,0,0,0,0,0,0,0,0,0,remaining
527,2,1,0,1,0,0,0,0,0,1,0,0,1,1,remaining
4882,0,1,0,0,0,0,0,0,0,1,0,0,0,0,remaining
5428,0,0,0,0,1,0,0,0,0,1,1,0,0,0,remaining
170,0,0,0,0,0,0,0,0,0,1,1,0,0,0,remaining
2760,5,1,0,0,1,0,0,0,0,0,0,1,0,1,remaining
3231,5,1,0,0,0,0,0,0,0,0,0,1,1,0,remaining
1294,14,1,0,0,1,0,0,0,0,0,0,1,1,0,remaining
1301,3,0,1,0,0,0,0,0,0,0,0,0,0,0,remaining
5712,4,1,0,1,1,0,0,0,0,0,0,1,0,1,remaining
2981,0,1,0,1,0,0,0,0,0,0,0,1,1,0,remaining
271,2,1,0,1,1,0,0,0,0,0,0,1,1,0,remaining
3533,21,1,0,0,1,0,0,0,0,0,0,1,1,0,remaining
244,3,0,0,0,0,0,1,0,0,0,0,0,1,1,remaining
3688,0,0,0,1,1,0,0,0,0,0,0,0,0,0,remaining
367,2,0,0,0,0,0,0,0,0,0,1,0,0,0,remaining
2746,1,1,0,1,1,0,0,0,0,0,0,1,1,0,remaining
5919,13,1,0,0,1,0,0,0,0,0,0,1,1,0,remaining
4231,1,0,0,0,0,0,0,0,0,0,0,0,0,0,remaining
931,18,1,0,0,1,0,0,0,0,0,1,1,0,1,remaining
1930,12,1,0,0,1,0,0,0,0,1,0,1,1,0,remaining
4827,6,0,0,0,1,0,0,0,0,0,0,1,0,1,remaining
3634,1,0,0,0,0,0,0,0,0,0,1,0,0,0,remaining
4242,0,1,0,1,0,0,0,0,1,1,1,0,0,0,discriminated
2110,3,1,0,1,0,0,0,0,0,0,0,1,1,0,remaining
5119,2,1,0,0,1,0,0,0,0,0,0,1,0,1,remaining
1441,1,1,0,1,0,0,0,0,0,0,0,1,1,0,remaining
606,0,0,1,0,0,0,0,0,0,0,0,0,0,0,remaining
2462,0,0,0,0,0,0,0,0,0,0,1,0,0,0,remaining
3577,1,1,0,1,1,0,0,0,0,0,1,1,1,0,remaining
1717,9,1,0,0,1,0,0,0,0,0,0,1,0,1,remaining
5013,1,0,0,0,0,0,0,0,0,0,1,0,1,1,remaining
5732,3,1,0,0,0,0,0,0,0,0,1,1,0,1,remaining
4253,16,1,0,0,1,0,0,0,0,0,0,1,1,0,remaining
5255,1,0,0,0,0,0,0,0,0,0,0,0,1,1,remaining
1750,0,1,0,0,0,0,1,0,0,0,0,0,0,0,remaining
1706,4,0,0,0,1,0,0,0,0,1,1,0,0,0,remaining
3609,13,1,0,0,1,0,0,0,0,0,0,1,1,0,remaining
4566,5,1,0,0,1,0,0,0,0,0,0,1,1,0,remaining
3910,0,0,0,0,0,0,0,0,0,0,1,0,0,0,remaining
648,0,1,0,1,1,0,0,0,0,1,0,0,0,0,remaining
4137,5,1,0,0,1,0,0,0,0,0,0,1,1,0,remaining
41,13,1,0,0,1,0,0,0,0,0,0,1,1,0,remaining
3637,7,1,0,0,1,0,0,0,0,0,1,1,1,0,remaining
4924,1,0,0,0,0,0,0,0,0,0,0,0,0,0,remaining
3165,2,0,0,0,1,0,0,0,0,1,0,0,0,0,remaining
5372,9,1,0,0,1,0,0,0,0,0,0,1,0,1,remaining
5856,11,0,1,0,1,0,0,0,0,0,1,1,1,0,remaining
2042,0,1,0,1,1,0,0,0,0,0,1,0,0,0,remaining
802,1,1,0,1,1,0,0,0,0,0,0,1,0,1,remaining
1020,0,0,0,0,0,0,0,0,0,0,0,0,0,0,remaining
51,5,0,0,0,1,0,0,0,0,0,0,0,0,0,remaining
4739,18,1,0,0,1,0,0,0,0,0,1,1,1,0,remaining
2782,1,0,0,0,0,0,0,0,0,0,0,0,1,1,remaining
1261,0,0,1,0,0,0,0,0,0,0,1,0,1,1,remaining
5391,8,1,0,0,0,0,1,0,0,1,1,0,1,1,remaining
4154,5,1,0,0,1,0,0,0,0,0,1,1,0,1,remaining
2463,1,0,1,0,1,0,0,0,0,0,1,0,1,1,remaining
2890,1,0,1,0,0,0,0,0,0,0,0,0,0,0,remaining
4005,1,0,0,0,0,0,1,0,0,0,1,0,0,0,remaining
1788,0,0,1,0,0,0,0,0,1,0,1,0,0,0,discriminated
4716,0,1,0,1,0,0,1,0,0,0,0,0,1,1,remaining
5076,1,1,0,1,1,0,0,0,0,0,0,1,1,0,remaining
3486,5,1,0,0,0,0,0,0,0,0,1,1,1,0,remaining
4519,6,0,0,0,0,0,1,0,0,0,0,1,1,0,remaining
3652,0,0,0,0,0,0,1,0,0,1,1,0,0,0,remaining
1383,1,1,0,0,1,0,0,0,0,0,0,0,1,1,remaining
3914,0,0,0,0,0,0,0,0,0,0,0,0,1,1,remaining
2201,3,1,0,0,0,0,0,0,0,0,0,1,0,1,remaining
471,1,0,1,0,0,0,0,0,0,0,1,0,0,0,remaining
3703,0,0,1,0,1,0,0,0,0,0,0,0,0,0,remaining
2800,6,0,0,0,1,0,0,0,0,0,0,1,1,0,remaining
3682,0,0,1,0,0,0,0,0,0,0,1,0,0,0,remaining
2889,1,0,1,0,0,0,0,0,0,0,0,0,0,0,remaining
2659,1,0,0,0,0,0,0,0,0,0,0,0,0,0,remaining
4531,0,0,1,0,0,0,0,0,0,0,0,0,0,0,remaining
339,4,0,1,0,0,0,0,0,1,0,0,0,0,0,discriminated
1657,2,1,0,0,1,0,0,0,0,0,1,0,0,0,remaining
2212,0,0,0,0,1,0,0,0,0,0,0,0,0,0,remaining
2807,0,1,0,1,1,0,0,0,0,1,0,0,0,0,remaining
4123,0,1,0,0,0,0,1,0,0,0,0,0,0,0,remaining
2969,5,0,0,0,0,0,0,0,0,0,0,0,0,0,remaining
5668,5,1,1,0,0,0,0,0,0,0,1,1,0,1,remaining
4222,0,0,0,0,1,0,0,0,0,1,1,0,0,0,remaining
195,0,0,0,0,1,0,0,0,0,0,1,0,0,0,remaining
327,12,1,0,0,1,0,0,0,0,0,0,1,1,0,remaining
302,3,1,0,1,1,0,0,0,0,0,0,1,1,0,remaining
4832,7,0,0,0,1,0,0,0,0,0,0,0,1,1,remaining
3392,0,0,0,0,0,0,0,0,0,1,1,0,0,0,remaining
2748,1,0,0,0,0,0,1,0,0,0,1,0,0,0,remaining
5542,1,1,0,1,0,0,0,0,0,0,0,1,1,0,remaining
1793,0,0,1,0,0,0,0,0,0,0,1,0,0,0,remaining
5018,1,0,0,0,0,0,1,0,0,0,0,0,1,1,remaining
1543,0,1,0,0,0,0,0,0,0,1,1,0,0,0,remaining
4788,10,1,0,0,0,0,1,0,0,0,0,1,1,0,remaining
4500,7,0,1,0,1,0,0,0,0,0,1,1,1,0,remaining
3314,1,0,0,0,1,0,0,0,0,0,1,0,1,1,remaining
133,4,1,0,0,1,0,0,0,0,1,0,1,1,0,remaining
3867,1,0,0,0,1,0,0,0,0,0,0,0,1,1,remaining
3720,3,0,0,0,1,0,0,0,0,1,0,1,0,1,remaining
5844,17,1,0,0,0,0,1,0,0,0,0,1,1,0,remaining
1012,0,0,0,0,0,0,1,0,0,0,1,0,1,1,remaining
5893,15,1,0,0,1,0,0,0,0,0,0,1,1,0,remaining
3612,3,1,0,1,1,0,0,0,0,0,0,1,1,0,remaining
4675,6,1,0,0,1,0,0,0,0,0,1,1,0,1,remaining
6165,0,0,0,0,1,0,0,0,0,0,1,0,1,1,remaining
3483,1,0,0,1,0,0,1,0,0,0,0,1,0,1,remaining
2755,0,0,0,1,1,0,0,0,0,0,0,0,0,0,remaining
1320,24,1,1,0,1,0,0,0,0,0,0,0,1,1,remaining
756,1,0,0,1,0,0,0,0,0,0,1,0,1,1,remaining
150,2,0,1,0,0,0,1,0,0,0,0,1,0,1,remaining
3104,0,0,0,1,0,0,0,0,0,0,0,0,0,0,remaining
3984,2,0,1,0,0,0,0,0,0,0,0,0,1,1,remaining
3766,2,1,0,0,1,0,0,0,0,0,0,1,1,0,remaining
3349,0,0,0,0,1,0,0,0,0,0,0,0,1,1,remaining
3128,0,1,0,0,0,0,0,0,0,0,0,1,0,1,remaining
2109,5,1,0,0,1,0,0,0,0,0,0,1,1,0,remaining
3584,2,0,0,0,1,0,0,0,0,1,1,0,0,0,remaining
5250,0,1,0,0,1,0,0,0,0,1,1,0,0,0,remaining
5313,1,0,0,0,0,0,1,0,0,0,1,0,0,0,remaining
6098,11,1,0,0,0,0,0,0,0,0,0,1,0,1,remaining
3032,1,1,0,1,1,0,0,0,0,1,0,1,1,0,remaining
1604,2,0,0,1,1,0,0,0,0,0,0,1,1,0,remaining
1343,6,0,0,0,0,0,0,0,0,0,0,0,0,0,remaining
4036,1,1,0,0,1,0,0,0,0,0,0,0,0,0,remaining
2191,3,1,1,0,0,1,0,0,0,0,0,1,1,0,remaining
4997,1,1,0,1,1,0,0,0,0,0,0,1,1,0,remaining
1421,24,1,0,0,1,0,0,0,0,0,0,1,0,1,remaining
744,0,0,1,0,1,0,0,0,0,1,0,0,0,0,remaining
3982,0,0,1,0,0,0,0,0,0,0,0,0,0,0,remaining
5913,10,1,0,0,1,0,0,0,0,0,0,1,0,1,remaining
3591,2,0,0,0,1,0,0,0,0,1,0,0,0,0,remaining
2710,1,0,0,1,0,0,0,0,0,0,1,0,0,0,remaining
2731,0,1,0,1,1,0,0,0,0,0,0,1,0,1,remaining
5046,1,1,0,1,1,0,0,0,0,0,1,1,1,0,remaining
2742,0,0,0,0,0,0,0,0,0,0,1,0,0,0,remaining
135,2,0,0,0,1,0,0,0,0,1,1,0,1,1,remaining
1066,4,0,0,0,1,0,0,0,0,0,0,0,1,1,remaining
201,1,1,0,0,0,0,0,0,0,0,0,0,0,0,remaining
824,0,0,0,0,1,0,0,0,0,0,1,0,1,1,remaining
3707,1,0,0,0,0,0,0,0,0,0,1,0,1,1,remaining
2920,2,0,0,0,0,0,0,0,0,0,0,0,0,0,remaining
5052,0,1,0,1,1,0,0,0,0,0,0,1,1,0,remaining
5877,0,0,1,0,0,0,0,0,0,0,1,0,0,0,remaining
2374,2,0,1,0,0,0,0,0,0,0,1,0,0,0,remaining
3447,1,0,0,0,1,0,0,0,0,1,0,0,0,0,remaining
5451,8,1,0,0,1,0,0,0,0,0,0,1,1,0,remaining
921,1,0,1,0,1,0,0,0,0,0,0,0,1,1,remaining
1742,2,0,1,0,0,0,0,0,0,0,1,0,0,0,remaining
1217,4,0,1,0,1,0,0,0,0,0,1,0,0,0,remaining
5721,9,1,0,0,1,0,0,0,0,0,0,1,1,0,remaining
3770,0,1,0,0,1,0,0,0,0,1,1,0,0,0,remaining
5606,0,1,0,1,0,0,0,0,0,0,1,1,1,0,remaining
1730,0,0,1,0,1,0,0,0,0,0,0,0,0,0,remaining
5081,6,1,0,0,1,0,0,0,0,0,1,1,1,0,remaining
5379,0,0,1,0,0,0,0,0,0,0,0,0,0,0,remaining
5586,1,0,0,1,0,0,0,0,0,0,0,0,0,0,remaining
2257,0,0,0,0,0,0,1,0,0,0,1,0,1,1,remaining
3075,0,0,1,0,1,0,0,0,0,0,0,0,0,0,remaining
3407,7,1,0,0,0,0,0,0,0,0,0,1,1,0,remaining
2459,0,0,1,0,0,0,0,0,0,0,1,0,1,1,remaining
3040,1,0,0,0,0,0,0,0,0,1,0,0,1,1,remaining
4750,0,0,0,1,0,0,1,0,0,0,0,0,1,1,remaining
313,7,1,0,0,1,0,0,0,0,0,0,1,1,0,remaining
3732,0,0,0,1,0,0,0,0,0,0,0,0,0,0,remaining
1070,0,0,0,0,0,0,0,0,0,0,1,0,0,0,remaining
2765,3,1,0,0,1,0,0,0,0,0,0,1,1,0,remaining
5616,0,0,0,1,0,0,0,0,0,0,0,0,0,0,remaining
2497,4,0,1,0,0,0,1,0,0,0,0,1,0,1,remaining
5661,2,1,0,0,1,0,0,0,0,0,1,0,1,1,remaining
3126,4,0,0,0,0,0,0,0,0,0,1,1,1,0,remaining
3158,2,0,0,0,1,0,0,0,0,1,0,0,1,1,remaining
5651,1,0,0,0,1,0,0,0,0,1,0,0,0,0,remaining
3610,0,0,0,0,0,0,1,0,0,1,1,0,0,0,remaining
5232,0,0,1,0,0,0,0,0,1,0,0,0,0,0,discriminated
4930,23,1,0,0,1,0,0,0,0,0,1,1,1,0,remaining
846,2,1,0,1,0,0,0,0,0,0,0,1,0,1,remaining
4170,0,0,0,0,1,0,0,0,0,1,0,0,0,0,remaining
5188,1,0,0,1,1,0,0,0,0,0,0,1,1,0,remaining
2437,0,0,1,0,0,0,0,0,0,0,1,0,0,0,remaining
1505,0,1,0,1,1,0,0,0,0,1,0,0,0,0,remaining
1645,0,0,1,0,0,0,0,0,0,0,1,0,0,0,remaining
3361,0,1,0,1,1,0,0,0,0,1,0,0,1,1,remaining
4669,2,0,0,0,1,0,0,0,0,0,0,0,0,0,remaining
1014,1,0,0,0,1,0,0,0,0,1,0,0,0,0,remaining
2343,3,1,0,0,1,0,0,0,0,0,1,1,1,0,remaining
5447,7,1,0,1,0,0,0,0,0,1,1,1,0,1,remaining
4740,0,1,0,0,1,0,0,0,0,0,0,0,1,1,remaining
5892,8,1,0,0,1,0,0,0,0,0,1,1,1,0,remaining
5455,0,0,1,0,0,0,0,0,0,1,1,0,0,0,remaining
4378,2,1,0,0,1,0,0,0,0,0,0,1,0,1,remaining
260,0,0,0,0,0,0,0,0,0,0,1,0,1,1,remaining
3091,0,0,0,0,0,0,1,0,0,1,1,0,1,1,remaining
4972,19,1,0,0,0,0,1,0,0,0,0,1,1,0,remaining
1964,0,0,0,1,0,0,0,0,0,0,0,0,0,0,remaining
2214,1,0,1,0,0,0,0,0,0,0,0,0,0,0,remaining
3887,1,1,0,1,1,0,0,0,0,0,0,1,1,0,remaining
1953,0,0,0,0,0,0,1,0,0,0,1,0,0,0,remaining
3668,1,0,0,0,0,0,0,0,0,0,1,0,0,0,remaining
818,2,1,0,1,1,0,0,0,0,0,0,1,1,0,remaining
88,8,1,0,1,0,0,0,0,0,0,0,0,1,1,remaining
47,2,0,0,1,1,0,0,0,0,0,0,1,1,0,remaining
1933,9,0,0,0,1,0,0,0,0,0,0,0,1,1,remaining
463,1,0,0,0,1,0,0,0,0,0,1,0,0,0,remaining
1402,23,1,0,0,1,0,0,0,0,0,0,1,1,0,remaining
1481,1,1,0,1,0,0,1,0,0,0,0,1,0,1,remaining
4811,2,1,0,0,1,0,0,0,0,0,1,0,0,0,remaining
1341,2,0,0,0,0,0,1,0,0,1,1,0,0,0,remaining
4369,9,1,0,0,0,0,0,0,0,1,0,1,1,0,remaining
5310,0,0,0,1,1,0,0,0,0,0,1,1,1,0,remaining
3620,7,1,0,0,1,0,0,0,0,0,0,1,1,0,remaining
639,2,1,0,1,1,0,0,0,0,0,0,1,1,0,remaining
1023,1,1,0,1,0,0,0,0,0,0,0,1,1,0,remaining
4319,0,1,0,0,1,0,0,0,0,0,0,0,0,0,remaining
518,0,0,0,0,0,0,0,0,0,0,0,0,0,0,remaining
6006,4,1,0,0,0,0,0,0,0,0,0,1,1,0,remaining
3737,0,0,0,0,1,0,0,0,0,0,1,0,1,1,remaining
3691,0,0,1,0,0,0,0,0,0,1,1,0,0,0,remaining
3300,0,0,0,0,1,0,0,0,0,0,1,0,1,1,remaining
1966,4,0,0,0,0,0,0,0,0,0,1,1,0,1,remaining
1581,0,1,0,1,1,0,0,0,0,1,1,0,1,1,remaining
4466,0,0,0,0,0,0,0,0,0,1,1,0,0,0,remaining
2305,2,0,0,0,0,0,0,0,0,0,1,0,0,0,remaining
4487,0,0,0,1,1,0,0,0,0,1,0,0,1,1,remaining
4741,1,0,0,1,1,0,0,0,0,0,0,1,0,1,remaining
547,10,1,0,0,1,0,0,0,0,1,0,1,0,1,remaining
4850,9,1,0,0,1,0,0,0,0,0,0,1,1,0,remaining
968,0,0,0,1,0,0,0,0,0,0,0,0,1,1,remaining
314,1,0,1,0,0,0,0,0,0,1,1,0,0,0,remaining
235,2,0,0,0,1,0,0,0,0,1,1,0,0,0,remaining
924,1,0,0,1,1,0,0,0,0,0,1,1,1,0,remaining
4159,1,1,0,1,1,0,0,0,0,0,0,1,0,1,remaining
6125,4,0,0,0,1,0,0,0,0,0,0,0,0,0,remaining
3364,0,0,0,0,0,0,0,0,1,0,0,0,0,0,discriminated
735,5,0,0,0,1,0,0,0,0,0,0,0,1,1,remaining
2592,12,1,0,0,1,0,0,0,0,0,1,1,1,0,remaining
2442,1,0,1,0,0,0,0,0,0,0,1,0,0,0,remaining
430,0,0,0,0,1,0,0,0,0,1,1,0,0,0,remaining
1032,0,0,0,1,1,0,0,0,0,0,0,0,0,0,remaining
545,0,0,0,0,1,0,0,0,0,0,0,0,0,0,remaining
469,3,0,0,0,1,0,0,0,0,0,0,1,1,0,remaining
6023,1,0,0,0,0,0,0,0,0,0,1,0,0,0,remaining
2741,14,1,0,0,1,0,0,0,0,0,0,1,0,1,remaining
5089,5,1,1,0,0,0,0,0,0,0,0,1,0,1,remaining
46,15,1,0,0,1,0,0,0,0,0,0,1,0,1,remaining
3603,0,0,0,0,0,0,0,0,0,0,1,0,1,1,remaining
5412,0,0,0,0,0,0,0,0,0,0,0,0,0,0,remaining
1228,3,0,0,0,0,0,0,0,0,0,0,0,0,0,remaining
745,3,1,0,1,1,0,0,0,0,0,0,1,0,1,remaining
444,0,0,0,1,0,0,0,0,0,0,0,0,0,0,remaining
5285,20,1,0,0,1,0,0,0,0,0,0,1,0,1,remaining
5121,0,1,0,0,0,0,0,0,0,1,0,0,0,0,remaining
5991,11,1,0,0,0,0,1,0,0,0,0,1,1,0,remaining
5152,0,0,0,0,0,0,0,0,0,1,1,0,0,0,remaining
3829,22,1,1,0,1,0,0,0,0,0,0,1,1,0,remaining
1241,4,0,0,0,1,0,0,0,0,0,0,0,1,1,remaining
5835,1,1,0,1,1,0,0,0,0,0,1,1,0,1,remaining
2616,0,0,0,0,0,0,1,0,0,0,0,0,0,0,remaining
2816,1,0,1,0,1,0,0,0,0,1,0,0,0,0,remaining
5389,3,1,0,0,0,0,0,0,0,1,0,1,1,0,remaining
1319,1,0,1,0,0,0,1,0,0,0,0,0,1,1,remaining
1520,1,1,1,0,0,0,1,0,0,0,1,0,0,0,remaining
3804,0,0,0,0,0,0,1,0,0,0,0,0,0,0,remaining
2521,2,0,1,0,0,0,0,0,0,0,1,0,0,0,remaining
3169,3,1,0,0,1,0,0,0,0,0,0,1,0,1,remaining
3586,4,1,0,1,0,0,0,0,1,0,0,1,0,1,discriminated
1073,0,0,0,0,1,0,0,0,0,0,1,0,0,0,remaining
5387,5,0,0,0,1,0,0,0,0,1,0,0,1,1,remaining
5907,8,1,0,0,1,0,0,0,0,0,0,1,1,0,remaining
119,1,0,1,0,0,0,0,0,0,0,0,0,1,1,remaining
2378,0,0,0,0,0,0,0,0,0,0,1,0,0,0,remaining
290,2,1,0,1,1,0,0,0,0,0,0,1,1,0,remaining
3998,1,0,0,0,1,0,0,0,0,0,0,0,1,1,remaining
3142,2,0,1,0,0,0,0,0,0,0,0,0,0,0,remaining
5032,2,0,0,0,1,0,0,0,0,0,0,0,1,1,remaining
3293,0,1,0,0,1,0,0,0,0,0,0,0,0,0,remaining
5260,22,1,1,0,0,0,0,1,0,0,0,1,1,0,remaining
3601,1,1,0,1,1,0,0,0,0,0,1,1,1,0,remaining
5356,0,0,0,0,0,0,0,0,0,0,1,0,0,0,remaining
1163,0,1,0,1,0,0,1,0,0,0,0,0,0,0,remaining
3276,1,0,1,0,1,0,0,0,0,1,0,0,0,0,remaining
5736,0,0,0,1,1,0,0,0,0,0,1,1,0,1,remaining
3067,0,0,0,1,0,0,0,0,0,0,0,0,0,0,remaining
2256,0,0,0,0,1,0,0,0,0,1,1,0,0,0,remaining
4629,3,1,0,0,0,0,0,0,0,0,0,1,1,0,remaining
828,6,1,0,1,1,0,0,0,0,1,1,0,0,0,remaining
1743,1,0,1,0,1,0,0,0,0,0,0,0,0,0,remaining
1155,17,1,1,0,0,0,0,0,0,0,0,1,1,0,remaining
1151,0,0,0,1,1,0,0,0,0,1,1,0,0,0,remaining
1950,4,0,0,0,1,0,0,0,0,0,0,0,1,1,remaining
5190,0,0,1,0,0,0,0,0,0,1,1,0,0,0,remaining
3869,1,0,0,1,1,0,0,0,0,1,0,1,0,1,remaining
1703,1,0,0,0,0,0,0,0,0,0,0,0,1,1,remaining
4248,1,1,0,0,1,0,0,0,0,0,0,0,0,0,remaining
5222,10,1,0,0,1,0,0,0,0,0,0,1,1,0,remaining
5623,7,0,1,0,1,0,0,0,0,0,1,1,1,0,remaining
5220,8,1,0,1,1,0,0,0,0,0,0,1,1,0,remaining
2217,1,1,0,1,1,0,0,0,0,0,0,1,1,0,remaining
1234,1,1,0,1,0,0,0,0,0,1,0,0,0,0,remaining
276,2,0,0,0,0,0,0,0,0,1,1,1,1,0,remaining
3174,5,0,1,0,0,0,0,0,0,0,1,0,1,1,remaining
1416,27,1,1,0,1,0,0,0,0,0,1,1,0,1,remaining
683,0,0,0,0,1,0,0,0,0,1,1,0,0,0,remaining
4660,2,1,0,0,0,0,0,0,0,1,0,1,1,0,remaining
1375,9,1,0,0,0,0,0,0,0,0,0,1,1,0,remaining
614,0,1,0,1,1,0,0,0,0,0,0,1,0,1,remaining
4334,3,1,0,1,0,0,0,0,0,0,0,1,1,0,remaining
5627,0,0,0,0,0,0,0,0,0,0,1,0,1,1,remaining
228,0,0,0,1,1,0,0,0,0,1,0,0,1,1,remaining
1269,3,1,0,1,0,0,0,0,0,1,1,1,1,0,remaining
2296,8,1,0,0,1,0,0,0,0,0,1,1,1,0,remaining
4300,1,0,0,0,0,0,0,0,0,0,0,0,0,0,remaining
494,5,1,0,0,1,0,0,0,0,0,0,1,1,0,remaining
3927,4,0,1,0,1,0,0,0,0,0,0,0,1,1,remaining
2452,18,0,1,0,0,0,0,0,0,0,1,1,1,0,remaining
1850,0,0,0,0,0,0,0,0,0,1,0,1,0,1,remaining
2040,0,0,0,0,1,0,0,0,0,0,0,0,0,0,remaining
1938,3,1,0,1,1,0,0,0,0,0,0,1,1,0,remaining
4694,9,1,0,0,0,0,0,0,0,0,0,1,1,0,remaining
4079,3,1,0,1,1,0,0,0,0,0,0,1,1,0,remaining
670,1,1,0,1,1,0,0,0,0,0,0,1,1,0,remaining
2248,1,1,0,1,1,0,0,0,0,0,0,1,0,1,remaining
5776,3,0,0,0,1,0,0,0,0,0,0,1,1,0,remaining
2998,11,1,0,0,1,0,0,0,0,0,0,1,0,1,remaining
1652,0,0,0,0,1,0,0,0,0,0,0,0,0,0,remaining
866,3,0,0,1,0,0,0,0,0,0,1,1,0,1,remaining
4196,0,0,1,0,0,0,0,0,0,0,1,0,0,0,remaining
1122,1,0,0,1,0,0,0,0,0,1,1,0,0,0,remaining
1810,2,0,1,0,0,0,0,0,0,0,0,0,0,0,remaining
2085,0,0,0,0,1,0,0,0,0,0,0,0,0,0,remaining
3824,0,0,0,0,1,0,0,0,0,1,1,0,0,0,remaining
402,3,0,0,0,0,0,0,0,0,0,0,0,0,0,remaining
546,8,1,0,0,1,0,0,0,0,0,0,1,1,0,remaining
5773,0,0,0,0,1,0,0,0,0,0,0,0,1,1,remaining
1377,8,1,0,0,1,0,0,0,0,0,1,1,1,0,remaining
4682,4,0,1,0,1,0,0,0,0,0,0,0,0,0,remaining
2866,5,1,0,0,1,0,0,0,0,0,0,1,1,0,remaining
4059,1,1,0,0,1,0,0,0,0,1,0,0,0,0,remaining
3888,0,0,0,0,0,0,0,0,0,1,0,1,0,1,remaining
2411,1,0,0,1,1,0,0,0,0,0,1,1,1,0,remaining
2666,2,1,0,1,0,0,0,0,0,0,0,1,0,1,remaining
5901,3,0,0,0,1,0,0,0,0,0,0,1,1,0,remaining
4862,0,1,0,0,0,0,0,0,0,0,0,1,1,0,remaining
294,0,0,1,0,0,0,0,0,0,0,1,0,0,0,remaining
365,3,1,0,1,1,0,0,0,0,1,0,1,1,0,remaining
574,0,0,0,0,0,0,0,0,0,1,1,0,0,0,remaining
5864,9,1,0,0,1,0,0,0,0,0,0,1,1,0,remaining
1757,4,0,1,0,0,0,0,0,0,0,0,0,0,0,remaining
3097,3,0,1,0,0,0,0,0,0,0,1,0,1,1,remaining
1528,6,0,1,0,0,0,0,0,0,0,0,0,1,1,remaining
2101,3,0,1,0,1,0,0,0,0,0,1,0,0,0,remaining
3544,2,1,0,0,1,0,0,0,0,0,1,0,1,1,remaining
5167,0,0,0,1,1,0,0,0,0,0,0,0,0,0,remaining
3488,1,1,1,0,1,0,0,0,0,0,0,1,0,1,remaining
763,1,0,1,0,0,0,0,0,0,0,0,0,1,1,remaining
1820,1,1,0,1,1,0,0,0,0,0,0,1,1,0,remaining
2496,1,1,0,0,1,0,0,0,0,1,0,0,1,1,remaining
4540,8,1,1,0,1,0,0,0,0,0,0,1,1,0,remaining
1089,1,0,0,0,1,0,0,0,0,1,0,0,0,0,remaining
4229,3,0,0,0,1,0,0,0,0,0,0,1,1,0,remaining
3317,0,0,1,0,1,0,0,0,0,0,1,0,0,0,remaining
2832,0,1,0,1,1,0,0,0,0,1,1,0,0,0,remaining
1072,0,0,0,1,0,0,0,0,0,0,0,0,1,1,remaining
4219,3,1,0,0,0,0,0,0,0,0,0,1,0,1,remaining
3992,3,1,0,0,1,0,0,0,0,0,0,1,1,0,remaining
3663,2,1,0,0,0,0,1,0,0,0,0,1,0,1,remaining
3451,8,1,0,0,1,0,0,0,0,0,1,1,1,0,remaining
4122,0,0,0,0,1,0,0,0,0,0,1,0,0,0,remaining
2017,4,0,0,0,1,0,0,0,0,0,1,1,0,1,remaining
3028,5,0,0,0,0,0,0,0,0,0,0,0,1,1,remaining
4326,11,1,0,0,1,0,0,0,0,0,0,1,1,0,remaining
1141,11,1,0,0,1,0,0,0,0,0,1,1,1,0,remaining
5354,2,1,0,1,1,0,0,0,0,0,0,1,1,0,remaining
420,0,1,0,0,1,0,0,0,0,0,0,0,0,0,remaining
704,0,0,0,0,0,0,0,0,1,0,0,0,0,0,discriminated
2841,5,1,0,0,1,0,0,0,0,0,0,1,1,0,remaining
3177,16,1,0,0,1,0,0,0,0,0,0,1,1,0,remaining
1775,0,1,0,1,0,0,0,0,0,0,0,1,1,0,remaining
1951,2,0,0,0,0,0,0,0,0,0,0,0,0,0,remaining
49,4,0,1,0,1,0,0,0,0,0,1,0,0,0,remaining
187,4,0,0,0,0,0,0,0,0,0,0,1,1,0,remaining
926,0,0,0,0,1,0,0,0,0,0,0,0,0,0,remaining
6020,1,0,1,0,1,0,0,0,0,0,0,0,0,0,remaining
3423,3,1,0,0,1,0,0,0,0,0,0,1,1,0,remaining
4254,1,1,0,0,1,0,0,0,0,0,0,0,1,1,remaining
5276,1,1,0,0,0,0,0,0,0,1,0,0,1,1,remaining
1099,7,0,1,0,1,0,0,0,0,0,0,0,1,1,remaining
1834,0,0,0,0,0,0,0,0,0,1,0,1,0,1,remaining
2903,1,1,0,1,1,0,0,0,0,0,0,1,1,0,remaining
3583,1,0,1,0,0,0,0,0,0,0,0,0,0,0,remaining
1168,0,0,0,0,0,0,0,0,0,0,1,0,0,0,remaining
3602,5,1,0,0,0,0,0,0,0,0,0,1,0,1,remaining
2673,9,1,0,0,1,0,0,0,0,0,0,1,1,0,remaining
5398,0,0,0,0,1,0,0,0,0,0,1,0,0,0,remaining
4524,2,0,0,0,0,0,0,0,0,0,0,0,0,0,remaining
1546,2,1,0,0,1,0,0,0,0,0,0,1,0,1,remaining
992,4,1,1,0,1,0,0,0,0,0,1,1,0,1,remaining
3593,22,1,0,0,0,0,0,0,0,1,1,1,1,0,remaining
1344,1,0,1,0,0,0,1,0,0,0,1,0,0,0,remaining
1267,2,0,0,0,0,0,1,0,0,0,1,0,0,0,remaining
3772,1,1,0,1,0,0,0,0,0,0,0,1,1,0,remaining
2211,0,0,0,0,0,0,0,0,0,0,0,0,0,0,remaining
1310,2,0,1,0,0,0,0,0,0,1,1,0,1,1,remaining
5347,5,1,0,0,0,0,1,0,0,0,0,1,1,0,remaining
6033,1,0,0,0,0,0,1,0,0,1,1,0,0,0,remaining
4667,0,0,1,0,0,0,0,0,0,1,1,0,0,0,remaining
4975,3,1,0,0,1,0,0,0,0,1,0,0,1,1,remaining
6018,1,0,0,0,1,0,0,0,0,1,1,0,0,0,remaining
2777,10,1,0,0,0,0,0,0,0,0,0,1,1,0,remaining
5144,1,1,0,1,0,0,0,0,0,0,0,1,0,1,remaining
1420,1,0,1,0,0,0,0,0,0,0,0,0,0,0,remaining
3192,0,0,0,1,0,0,1,0,0,0,1,0,1,1,remaining
1108,0,0,0,0,0,0,0,0,0,0,1,0,0,0,remaining
3328,2,0,0,0,0,0,0,0,1,0,0,0,0,0,discriminated
5105,3,1,0,1,1,0,0,0,0,0,0,1,1,0,remaining
6122,5,1,1,0,1,0,0,0,0,0,1,0,0,0,remaining
5487,0,1,0,0,1,0,0,0,0,0,0,0,0,0,remaining
1615,13,1,0,0,1,0,0,0,0,0,0,1,1,0,remaining
3479,0,0,0,1,1,0,0,0,0,0,0,0,1,1,remaining
5968,0,1,0,0,1,0,0,0,0,0,0,0,0,0,remaining
5404,1,0,0,1,0,0,0,0,0,1,1,0,0,0,remaining
4372,1,1,0,1,1,0,0,0,0,0,0,1,1,0,remaining
5534,13,1,0,0,0,0,1,0,0,0,0,1,0,1,remaining
9,0,0,0,0,0,0,0,0,0,1,1,0,0,0,remaining
467,3,1,0,0,1,0,0,0,0,0,0,1,0,1,remaining
2621,0,0,1,0,1,0,0,0,0,1,1,0,0,0,remaining
6139,3,0,1,0,0,0,0,0,0,1,0,0,0,0,remaining
4344,3,0,1,0,0,0,0,0,0,0,1,0,0,0,remaining
1651,1,0,0,0,0,0,0,0,0,0,0,0,0,0,remaining
1694,5,0,1,0,1,0,0,0,0,0,0,0,1,1,remaining
163,9,1,0,0,1,0,0,0,0,0,0,1,1,0,remaining
2431,0,0,1,0,0,0,0,0,1,1,0,0,0,0,discriminated
3962,8,1,0,0,1,0,0,0,0,0,0,1,1,0,remaining
3030,3,0,0,0,0,0,0,0,0,1,1,0,1,1,remaining
3812,1,1,0,0,0,0,0,0,0,0,0,0,0,0,remaining
3427,0,0,0,0,1,0,0,0,0,0,1,0,0,0,remaining
3453,2,1,0,0,0,0,0,0,0,0,0,0,1,1,remaining
4355,0,1,0,1,1,0,0,0,0,0,0,1,1,0,remaining
3205,4,1,0,1,0,0,0,0,0,0,1,1,1,0,remaining
4743,7,0,0,0,1,0,0,0,0,0,0,0,0,0,remaining
6107,7,1,0,0,0,0,0,0,0,0,1,1,1,0,remaining
4265,6,0,0,0,1,0,0,0,0,0,0,1,0,1,remaining
4433,0,0,0,0,0,0,0,0,0,1,1,0,0,0,remaining
6108,1,1,0,1,1,0,0,0,0,0,0,1,1,0,remaining
2808,3,0,0,0,1,0,0,0,0,0,0,1,0,1,remaining
3872,18,1,0,0,1,0,0,0,0,0,0,1,1,0,remaining
939,0,1,0,1,0,0,1,0,0,0,0,0,1,1,remaining
3015,2,1,0,1,1,0,0,0,0,1,0,1,1,0,remaining
1159,10,0,0,0,0,0,0,0,0,0,0,1,1,0,remaining
2941,0,0,0,1,0,0,0,0,1,0,1,0,1,1,discriminated
5807,0,0,0,0,0,0,0,0,0,1,0,1,0,1,remaining
4152,1,1,0,1,1,0,0,0,0,0,0,1,1,0,remaining
3090,2,1,0,1,0,0,0,0,0,0,0,1,1,0,remaining
2992,3,0,0,0,1,0,0,0,0,0,0,1,1,0,remaining
6047,9,1,1,0,1,0,0,0,0,1,1,0,0,0,remaining
5834,1,0,0,0,1,0,0,0,0,0,0,0,0,0,remaining
6105,9,1,0,0,1,0,0,0,0,1,0,1,1,0,remaining
4571,1,0,1,0,0,0,1,0,0,1,0,1,1,0,remaining
1100,0,1,0,0,0,0,0,0,0,0,0,1,1,0,remaining
3221,4,1,0,0,1,0,0,0,0,0,0,1,0,1,remaining
5364,4,1,0,1,0,0,0,0,0,1,0,1,1,0,remaining
4761,2,0,0,1,1,0,0,0,0,0,0,1,1,0,remaining
4673,5,1,1,0,1,0,0,0,0,1,0,0,0,0,remaining
2788,0,0,0,0,1,0,0,0,0,0,0,0,1,1,remaining
2947,0,0,1,0,0,0,0,0,0,0,1,0,0,0,remaining
4491,19,1,1,0,1,0,0,0,0,0,0,1,1,0,remaining
4085,31,1,0,0,0,0,0,0,1,0,0,1,1,0,remaining
1654,0,0,0,1,0,0,0,0,0,0,0,0,0,0,remaining
4178,1,1,0,0,0,0,1,0,0,0,0,0,1,1,remaining
1401,13,1,0,1,1,0,0,0,0,0,0,1,1,0,remaining
3368,2,0,0,0,0,0,0,0,0,0,0,0,0,0,remaining
2922,1,1,0,1,1,0,0,0,0,0,0,1,1,0,remaining
4322,2,0,1,0,0,0,0,0,0,0,1,0,0,0,remaining
5512,1,0,1,0,0,0,1,0,0,0,1,0,0,0,remaining
3061,3,1,0,1,1,0,0,0,0,0,0,1,0,1,remaining
6060,0,0,1,0,0,0,0,0,1,0,0,0,1,1,discriminated
6144,4,1,0,0,0,0,0,0,0,1,1,1,1,0,remaining
3043,0,0,0,0,0,0,0,0,0,0,0,0,0,0,remaining
3119,5,1,0,0,1,0,0,0,0,0,0,1,0,1,remaining
1632,3,0,0,0,0,0,0,0,0,0,1,0,0,0,remaining
4527,2,1,0,1,1,0,0,0,0,0,0,1,1,0,remaining
5738,11,1,0,0,1,0,0,0,0,0,0,1,0,1,remaining
655,0,0,0,0,0,0,1,0,0,0,0,0,0,0,remaining
605,1,0,0,0,0,0,0,0,0,0,0,0,1,1,remaining
1601,1,1,0,0,1,0,0,0,0,0,0,0,1,1,remaining
5495,2,0,0,0,1,0,0,0,0,0,0,0,1,1,remaining
5925,4,1,0,0,1,0,0,0,0,0,1,1,0,1,remaining
1582,1,0,0,0,0,0,1,0,0,0,0,0,0,0,remaining
1611,10,1,0,0,1,0,0,0,0,0,0,1,1,0,remaining
834,3,0,0,0,1,0,0,0,0,1,0,1,0,1,remaining
498,0,0,0,0,0,0,1,0,0,0,1,0,0,0,remaining
4575,0,0,0,1,0,0,0,0,0,0,0,0,0,0,remaining
4504,8,0,1,0,0,0,0,0,0,0,0,0,0,0,remaining
3310,13,1,0,0,1,0,0,0,0,0,0,1,0,1,remaining
686,17,1,0,0,1,0,0,0,0,0,0,1,1,0,remaining
2380,1,0,0,0,1,0,0,0,0,0,0,0,1,1,remaining
1990,0,0,1,0,1,0,0,0,0,0,0,0,0,0,remaining
747,1,1,0,1,0,0,0,0,0,0,0,1,1,0,remaining
5094,10,1,0,1,0,0,0,0,0,0,0,1,0,1,remaining
782,4,0,0,0,1,0,0,0,0,0,1,1,1,0,remaining
4532,4,1,0,0,0,0,0,0,0,0,0,1,0,1,remaining
526,0,1,0,1,1,0,0,0,0,1,1,0,0,0,remaining
5959,0,0,0,1,1,0,0,0,0,0,0,0,0,0,remaining
3210,0,0,1,0,0,0,0,0,0,1,1,0,0,0,remaining
3367,1,1,0,1,0,0,0,0,0,0,0,1,0,1,remaining
687,1,0,0,1,1,0,0,0,0,0,0,1,1,0,remaining
987,7,1,0,0,0,0,0,1,0,0,0,1,0,1,remaining
483,11,0,0,0,0,0,0,0,0,0,1,0,0,0,remaining
1668,5,1,0,0,1,0,0,0,0,0,1,1,0,1,remaining
5403,0,0,0,0,0,0,0,0,0,0,1,0,0,0,remaining
1600,0,0,0,0,1,0,0,0,0,0,0,0,0,0,remaining
372,1,0,0,1,1,0,0,0,0,0,1,1,1,0,remaining
1687,1,0,1,0,0,0,0,0,0,0,1,0,1,1,remaining
3132,1,0,1,0,0,0,0,0,0,0,0,0,0,0,remaining
5631,5,1,0,0,0,0,0,0,0,0,0,1,1,0,remaining
3864,2,1,0,0,1,0,0,0,0,0,1,0,0,0,remaining
1404,1,0,0,1,1,0,0,0,0,0,0,1,0,1,remaining
3650,0,0,0,0,0,0,0,0,0,0,0,0,0,0,remaining
5673,0,0,0,0,0,0,0,0,0,0,1,0,0,0,remaining
6103,8,0,1,0,0,0,0,0,0,0,1,1,0,1,remaining
1796,9,1,1,0,0,0,0,0,0,0,0,0,1,1,remaining
5895,0,1,0,1,0,0,0,0,0,0,0,1,0,1,remaining
5307,0,1,0,1,1,0,0,0,0,1,0,0,0,0,remaining
668,3,1,0,0,1,0,0,0,0,1,0,0,0,0,remaining
1136,8,1,1,0,1,0,0,0,0,0,0,1,1,0,remaining
4785,0,0,0,1,1,0,0,0,0,0,1,1,1,0,remaining
3373,2,1,0,0,1,0,0,0,0,0,0,1,1,0,remaining
2115,1,1,0,0,1,0,0,0,0,0,1,0,0,0,remaining
90,0,1,0,0,0,0,0,0,0,0,1,1,0,1,remaining
383,3,1,0,0,1,0,0,0,0,0,0,1,1,0,remaining
5263,10,0,1,0,1,0,0,0,0,0,0,1,1,0,remaining
2426,1,0,1,0,0,0,0,0,0,0,0,0,1,1,remaining
3288,14,1,0,0,1,0,0,0,0,0,0,1,1,0,remaining
4580,17,1,0,0,1,0,0,0,0,0,0,1,1,0,remaining
4535,4,0,0,0,1,0,0,0,0,0,1,1,1,0,remaining
5879,1,0,0,0,0,0,0,0,0,0,1,0,0,0,remaining
1573,0,0,0,1,1,0,0,0,0,0,0,0,0,0,remaining
2181,11,1,0,0,1,0,0,0,0,0,0,1,1,0,remaining
6004,23,1,0,0,1,0,0,0,0,0,0,1,0,1,remaining
1695,0,1,0,0,1,0,0,0,0,0,0,0,1,1,remaining
3055,0,0,0,0,0,0,0,0,0,1,0,1,1,0,remaining
1013,8,1,1,0,0,0,0,0,0,0,0,1,1,0,remaining
2564,5,1,0,0,1,0,0,0,0,0,0,1,1,0,remaining
2068,1,0,0,1,1,0,0,0,0,0,0,1,1,0,remaining
3561,4,1,0,0,1,0,0,0,0,0,0,1,1,0,remaining
1785,0,1,0,1,0,0,0,0,0,1,0,0,0,0,remaining
5198,0,0,0,0,1,0,0,0,0,0,0,0,0,0,remaining
1892,9,1,0,0,1,0,0,0,0,1,1,0,1,1,remaining
5912,0,0,1,0,0,0,0,0,0,0,1,0,0,0,remaining
2021,1,1,0,1,1,0,0,0,0,0,0,1,1,0,remaining
1772,1,0,1,0,0,0,0,0,0,0,1,0,1,1,remaining
6117,2,0,0,0,1,0,0,0,0,0,1,0,0,0,remaining
1727,1,1,0,0,1,0,0,0,0,0,0,0,0,0,remaining
4489,6,0,0,0,1,0,0,0,0,0,0,1,1,0,remaining
2641,0,0,1,0,0,0,0,0,1,1,0,0,0,0,discriminated
5996,0,1,0,1,1,0,0,0,0,0,0,1,0,1,remaining
107,19,1,0,0,1,0,0,0,0,0,0,1,1,0,remaining
5563,0,0,1,0,0,0,0,0,0,1,1,0,1,1,remaining
5788,0,0,0,0,0,0,0,0,0,1,0,1,1,0,remaining
1384,0,0,1,0,0,0,0,0,0,1,1,0,1,1,remaining
190,11,1,0,0,1,0,0,0,0,0,0,1,1,0,remaining
87,0,0,0,0,0,0,0,0,0,1,0,1,1,0,remaining
6084,1,1,0,1,1,0,0,0,0,0,0,1,1,0,remaining
3724,3,0,0,0,1,0,0,0,0,1,1,0,0,0,remaining
899,0,0,0,0,0,0,0,0,0,1,0,1,0,1,remaining
213,0,0,0,0,0,0,0,0,1,1,1,0,0,0,discriminated
283,0,0,0,0,1,0,0,0,0,0,0,0,0,0,remaining
5875,0,1,0,1,1,0,0,0,0,0,1,0,0,0,remaining
508,3,1,0,0,1,0,0,0,0,0,1,1,1,0,remaining
1542,5,1,0,0,1,0,0,0,0,0,0,1,1,0,remaining
3613,15,1,0,0,1,0,0,0,0,0,0,1,0,1,remaining
6104,3,0,0,0,1,0,0,0,0,0,0,1,0,1,remaining
6037,2,0,0,0,0,0,0,0,0,0,1,0,1,1,remaining
5431,4,1,1,0,1,0,0,0,0,0,0,0,0,0,remaining
2853,1,0,0,0,1,0,0,0,0,0,0,0,0,0,remaining
1397,5,1,0,0,1,0,0,0,0,0,1,1,0,1,remaining
3449,1,1,0,1,0,0,0,0,0,0,1,0,1,1,remaining
93,3,1,0,1,1,0,0,0,0,0,0,1,1,0,remaining
4498,13,1,0,0,1,0,0,0,0,0,0,1,1,0,remaining
5883,1,0,0,1,0,0,0,0,1,0,0,0,1,1,discriminated
3356,1,0,1,0,0,0,0,0,0,0,1,0,0,0,remaining
925,0,0,0,0,0,0,1,0,0,0,1,0,0,0,remaining
4421,2,0,0,0,1,0,0,0,0,0,0,0,0,0,remaining
5441,0,0,0,0,0,0,1,0,0,0,0,0,0,0,remaining
1244,5,1,0,0,1,0,0,0,0,0,0,1,1,0,remaining
4989,0,0,0,1,1,0,0,0,0,0,0,0,1,1,remaining
4625,0,1,0,1,0,0,0,0,0,0,0,1,1,0,remaining
2178,0,1,0,1,1,0,0,0,0,1,0,0,1,1,remaining
5731,10,1,0,0,1,0,0,0,0,0,0,1,1,0,remaining
1064,0,0,0,0,0,0,0,0,1,0,1,0,0,0,discriminated
5016,0,1,0,0,1,0,0,0,0,0,0,0,0,0,remaining
1952,1,1,0,1,1,0,0,0,0,1,0,1,0,1,remaining
4111,2,1,0,1,1,0,0,0,0,0,0,1,1,0,remaining
5160,1,0,0,0,0,0,0,0,1,0,0,0,1,1,discriminated
4143,0,1,0,1,1,0,0,0,0,0,0,1,1,0,remaining
1918,6,1,0,1,0,0,1,0,0,0,0,1,1,0,remaining
4968,0,0,0,0,0,0,0,0,0,1,1,0,0,0,remaining
2358,9,1,0,0,1,0,0,0,0,1,0,1,1,0,remaining
4705,15,1,0,0,1,0,0,0,0,0,0,1,1,0,remaining
2207,1,0,0,0,0,0,0,0,1,0,0,0,0,0,discriminated
4596,1,1,0,0,0,0,0,0,0,1,1,1,1,0,remaining
835,2,1,0,1,1,0,0,0,0,0,0,1,1,0,remaining
4038,7,0,0,0,1,0,0,0,0,1,1,1,1,0,remaining
1564,0,0,0,0,0,0,0,0,0,0,1,0,0,0,remaining
1179,1,1,0,1,1,0,0,0,0,0,1,1,0,1,remaining
5748,2,0,0,0,0,0,1,0,0,0,1,0,0,0,remaining
5667,0,1,0,1,0,0,0,0,0,1,1,0,1,1,remaining
4147,1,0,1,0,0,0,1,0,0,0,1,0,0,0,remaining
859,11,1,0,0,1,0,0,0,0,0,1,1,1,0,remaining
3033,2,1,1,0,1,0,0,0,0,0,1,0,1,1,remaining
4656,3,1,1,0,1,0,0,0,0,0,0,0,1,1,remaining
4846,2,0,0,1,0,0,0,0,0,0,0,0,1,1,remaining
1909,0,0,0,0,0,0,0,0,0,0,1,0,0,0,remaining
378,2,1,1,0,1,0,0,0,0,1,0,0,1,1,remaining
5265,5,1,0,0,1,0,0,0,0,1,0,1,1,0,remaining
5570,5,1,0,0,1,0,0,0,0,0,0,1,1,0,remaining
5355,5,0,1,0,1,0,0,0,0,0,0,0,0,0,remaining
6040,7,0,1,0,1,0,0,0,0,0,0,0,1,1,remaining
4458,0,0,0,0,0,0,0,0,1,0,1,0,0,0,discriminated
853,2,1,0,0,1,0,0,0,0,0,0,1,0,1,remaining
4275,1,0,1,0,0,0,1,0,0,0,0,0,0,0,remaining
1245,1,1,1,0,0,0,0,0,0,1,0,0,0,0,remaining
6135,4,1,1,0,1,0,0,0,0,0,1,1,1,0,remaining
105,3,1,0,0,1,0,0,0,0,0,0,1,1,0,remaining
4940,2,0,0,1,0,0,0,0,0,0,1,0,0,0,remaining
22,1,0,0,0,0,0,0,0,0,0,1,0,0,0,remaining
5648,0,0,0,0,0,0,0,0,0,0,1,0,0,0,remaining
1536,1,0,1,0,0,0,0,0,0,0,1,0,1,1,remaining
3124,6,1,0,0,1,0,0,0,0,0,0,1,1,0,remaining
5595,1,0,0,0,0,0,0,0,0,1,1,0,0,0,remaining
3251,1,1,0,1,1,0,0,0,0,0,0,1,1,0,remaining
3107,0,0,1,0,1,0,0,0,0,0,1,0,1,1,remaining
1565,5,1,0,0,1,0,0,0,0,0,1,1,0,1,remaining
1408,0,1,0,1,0,0,0,0,1,0,1,1,0,1,discriminated
5500,0,0,0,0,1,0,0,0,0,0,0,0,0,0,remaining
2781,3,0,1,0,0,0,1,0,0,0,0,1,0,1,remaining
3606,11,1,1,0,1,0,0,0,0,0,1,1,1,0,remaining
5637,0,0,0,0,1,0,0,0,0,0,0,0,0,0,remaining
4817,1,0,1,0,1,0,0,0,0,0,1,0,0,0,remaining
5793,1,0,0,1,1,0,0,0,0,0,1,1,0,1,remaining
1499,0,0,0,1,1,0,0,0,0,0,1,1,0,1,remaining
126,7,1,0,0,1,0,0,0,0,1,0,1,1,0,remaining
3997,3,1,0,0,1,0,0,0,0,0,1,1,0,1,remaining
3712,0,1,0,0,1,0,0,0,0,0,0,0,1,1,remaining
5054,1,1,0,0,0,0,0,0,0,1,1,1,0,1,remaining
6032,4,0,0,1,1,0,0,0,0,0,0,1,1,0,remaining
697,0,0,0,0,0,0,0,0,1,1,1,0,1,1,discriminated
880,1,0,0,0,0,0,0,0,1,0,0,0,0,0,discriminated
3497,3,0,0,0,0,0,0,0,0,0,0,0,0,0,remaining
2367,9,1,1,0,1,0,0,0,0,0,0,1,1,0,remaining
203,4,0,0,0,1,0,0,0,0,0,0,0,0,0,remaining
5134,2,0,1,0,0,0,0,0,0,0,0,0,1,1,remaining
3648,11,1,0,0,0,0,0,0,0,1,0,1,1,0,remaining
6151,0,0,0,0,0,0,0,0,0,0,0,0,0,0,remaining
3993,0,0,0,0,1,0,0,0,0,1,0,0,0,0,remaining
3934,2,1,0,0,0,0,0,0,0,0,0,0,0,0,remaining
4646,8,1,0,0,1,0,0,0,0,0,1,1,0,1,remaining
3144,6,1,0,0,1,0,0,0,0,0,0,1,1,0,remaining
5344,2,0,0,0,1,0,0,0,0,0,1,0,0,0,remaining
5935,0,0,1,0,0,0,0,0,0,0,1,0,1,1,remaining
4150,4,1,0,0,0,0,0,0,0,0,1,1,1,0,remaining
5228,0,1,0,0,1,0,0,0,0,0,1,0,0,0,remaining
5318,14,1,0,0,1,0,0,0,0,0,0,1,0,1,remaining
4180,0,1,0,1,1,0,0,0,0,1,1,0,0,0,remaining
5843,2,0,0,0,0,0,0,0,1,0,1,0,1,1,discriminated
2504,2,0,0,0,1,0,0,0,0,0,1,0,0,0,remaining
641,19,1,1,0,1,0,0,0,0,1,0,1,1,0,remaining
2815,0,0,0,1,1,0,0,0,0,0,1,1,0,1,remaining
191,0,0,0,0,1,0,0,0,0,0,1,0,0,0,remaining
4187,10,1,0,0,1,0,0,0,0,0,0,1,1,0,remaining
2118,0,0,0,0,0,0,0,0,0,0,0,0,0,0,remaining
103,1,0,0,0,0,0,0,0,1,1,0,0,0,0,discriminated
2434,3,1,0,0,1,0,0,0,0,1,1,0,1,1,remaining
4935,0,0,1,0,0,0,0,0,0,1,1,0,0,0,remaining
3303,1,0,0,1,0,0,0,0,0,0,0,0,0,0,remaining
903,19,1,1,0,1,0,0,0,0,0,0,1,0,1,remaining
2954,8,0,0,0,0,0,0,0,1,0,1,0,0,0,discriminated
4340,0,1,0,1,1,0,0,0,0,1,0,0,1,1,remaining
200,11,1,0,0,1,0,0,0,0,0,1,1,1,0,remaining
17,13,1,1,0,1,0,0,0,0,0,0,1,1,0,remaining
3517,5,1,0,0,0,0,0,0,0,1,0,1,1,0,remaining
3048,4,0,0,0,0,0,0,0,0,1,0,1,0,1,remaining
5659,7,0,0,0,1,0,0,0,0,1,0,1,1,0,remaining
3228,19,1,1,0,1,0,0,0,0,0,0,1,0,1,remaining
801,1,1,0,0,0,0,0,0,0,0,0,0,0,0,remaining
635,10,1,0,0,1,0,0,0,0,0,1,1,0,1,remaining
4203,8,1,0,0,1,0,0,0,0,1,0,1,1,0,remaining
6168,0,0,0,1,1,0,0,0,0,0,0,0,0,0,remaining
1782,0,0,0,0,0,0,0,0,1,1,1,0,0,0,discriminated
2926,3,1,0,0,0,0,0,0,0,0,0,1,1,0,remaining
2762,10,0,1,0,0,0,1,0,0,0,1,0,1,1,remaining
3487,0,0,1,0,0,0,0,0,1,1,1,0,0,0,discriminated
5125,1,0,0,1,1,0,0,0,0,0,1,1,1,0,remaining
5070,1,0,0,0,1,0,0,0,0,1,0,0,0,0,remaining
2450,3,0,0,0,1,0,0,0,0,0,1,1,0,1,remaining
5556,2,1,0,1,1,0,0,0,0,0,0,1,1,0,remaining
1801,4,0,1,0,1,0,0,0,0,1,0,0,0,0,remaining
466,6,1,1,0,1,0,0,0,0,0,0,1,0,1,remaining
1619,1,0,1,0,1,0,0,0,0,0,0,0,0,0,remaining
5408,0,0,0,0,0,0,0,0,0,1,0,1,0,1,remaining
120,1,1,0,1,1,0,0,0,0,1,0,1,0,1,remaining
2995,0,0,0,0,1,0,0,0,0,1,0,0,0,0,remaining
5440,2,1,0,0,1,0,0,0,0,0,0,1,0,1,remaining
5446,0,0,0,1,1,0,0,0,0,0,0,0,0,0,remaining
5341,6,1,0,0,0,0,0,0,0,0,0,1,1,0,remaining
2867,1,0,0,0,1,0,0,0,0,0,1,0,0,0,remaining
580,3,0,1,0,0,0,0,0,0,0,0,0,1,1,remaining
1569,0,1,0,1,1,0,0,0,0,0,1,0,0,0,remaining
5025,3,0,0,1,0,0,0,0,0,0,1,1,1,0,remaining
4001,0,1,0,1,1,0,0,0,0,1,1,0,1,1,remaining
1164,0,1,0,0,0,0,0,0,0,0,0,1,0,1,remaining
5072,3,0,0,0,1,0,0,0,0,0,0,1,0,1,remaining
2573,7,1,0,0,1,0,0,0,0,0,0,1,1,0,remaining
4701,7,1,0,0,1,0,0,0,0,0,0,1,0,1,remaining
5894,0,0,0,0,0,0,0,0,0,1,0,1,0,1,remaining
714,4,0,1,0,0,0,0,0,0,0,1,0,0,0,remaining
2686,0,0,0,1,1,0,0,0,0,0,1,1,1,0,remaining
5071,0,0,0,1,1,0,0,0,0,0,0,0,0,0,remaining
3987,5,1,0,0,1,0,0,0,0,1,0,1,0,1,remaining
4891,2,0,0,0,0,0,0,0,0,0,0,0,1,1,remaining
1352,0,0,0,1,0,0,0,0,0,1,0,0,0,0,remaining
5343,1,1,0,0,0,0,0,0,0,0,1,0,0,0,remaining
4766,15,1,0,0,0,0,0,0,0,0,0,1,0,1,remaining
3009,1,0,1,0,1,0,0,0,0,0,1,0,0,0,remaining
5947,3,0,0,1,0,0,0,0,1,0,0,1,0,1,discriminated
5825,0,0,1,0,0,0,0,0,0,1,1,0,0,0,remaining
1807,0,0,0,0,0,0,0,0,0,0,1,0,0,0,remaining
689,0,0,0,1,1,0,0,0,0,0,0,0,0,0,remaining
3108,1,0,0,0,0,0,0,0,0,0,1,0,0,0,remaining
152,1,0,1,0,0,0,0,0,0,0,1,0,1,1,remaining
3130,0,1,0,0,0,0,0,0,0,1,1,0,0,0,remaining
2151,1,0,1,0,0,0,0,0,0,0,0,0,0,0,remaining
5435,5,1,0,1,1,0,0,0,0,0,0,1,1,0,remaining
3856,1,0,1,0,0,0,0,0,0,1,1,0,0,0,remaining
4353,2,0,0,0,0,0,0,0,0,0,0,0,0,0,remaining
1250,1,0,0,0,0,0,0,0,1,0,1,1,0,1,discriminated
817,0,1,0,1,0,0,1,0,0,1,1,0,1,1,remaining
4843,0,0,0,0,1,0,0,0,0,0,1,0,0,0,remaining
5577,10,1,0,0,1,0,0,0,0,0,0,1,0,1,remaining
1447,1,0,0,0,0,0,0,0,0,0,0,0,0,0,remaining
749,6,1,0,1,1,0,0,0,0,0,0,1,1,0,remaining
2001,0,1,0,0,0,0,0,0,0,0,1,1,0,1,remaining
2733,7,1,0,1,1,0,0,0,0,0,0,1,1,0,remaining
1908,0,0,0,0,0,0,0,0,0,1,0,1,0,1,remaining
5995,1,0,0,0,0,0,1,0,0,0,0,0,0,0,remaining
58,0,0,0,0,0,0,0,0,1,0,1,0,0,0,discriminated
321,23,1,0,0,1,0,0,0,0,0,0,1,1,0,remaining
3759,1,1,0,0,0,0,0,0,0,0,0,0,0,0,remaining
37,2,0,0,0,0,0,0,0,0,0,1,0,1,1,remaining
2159,0,0,0,0,1,0,0,0,0,1,0,0,0,0,remaining
6066,0,0,0,0,0,0,0,0,0,0,0,0,0,0,remaining
4310,0,1,0,1,1,0,0,0,0,0,1,0,1,1,remaining
2272,3,0,0,0,1,0,0,0,0,0,1,1,0,1,remaining
2362,4,1,0,0,0,0,0,0,0,0,0,1,1,0,remaining
3216,2,0,0,0,1,0,0,0,0,0,0,0,0,0,remaining
4662,8,1,0,0,1,0,0,0,0,0,1,1,1,0,remaining
1005,2,0,0,0,0,0,0,0,0,0,0,0,1,1,remaining
737,0,1,0,0,1,0,0,0,0,0,0,0,1,1,remaining
5311,0,0,0,1,0,0,0,0,1,0,1,0,0,0,discriminated
3237,3,1,0,0,0,0,0,0,0,0,0,1,1,0,remaining
2891,1,0,0,1,1,0,0,0,0,0,1,1,0,1,remaining
5319,1,0,0,0,1,0,0,0,0,0,0,0,0,0,remaining
5114,11,1,0,0,1,0,0,0,0,0,0,1,1,0,remaining
1373,1,0,1,0,0,0,0,0,1,0,0,0,0,0,discriminated
2460,3,0,0,0,1,0,0,0,0,0,0,1,0,1,remaining
421,1,0,0,0,0,0,0,0,0,0,1,0,1,1,remaining
2907,0,0,0,0,0,0,0,0,0,0,0,0,0,0,remaining
673,22,1,0,0,1,0,0,0,0,0,0,1,1,0,remaining
5110,3,1,1,0,1,0,0,0,0,0,0,0,1,1,remaining
1423,0,0,1,0,1,0,0,0,0,0,0,0,0,0,remaining
907,2,1,0,0,1,0,0,0,0,0,0,1,0,1,remaining
3666,0,0,1,0,1,0,0,0,0,0,1,0,1,1,remaining
3307,4,1,0,0,1,0,0,0,0,0,0,1,1,0,remaining
1379,0,0,0,0,1,0,0,0,0,0,1,0,0,0,remaining
2723,0,1,0,0,1,0,0,0,0,0,0,0,0,0,remaining
3122,4,1,0,0,1,0,0,0,0,0,0,1,1,0,remaining
2244,4,0,0,0,0,0,0,0,0,0,1,1,0,1,remaining
3531,9,1,0,0,0,0,0,0,0,0,0,1,1,0,remaining
4548,5,1,0,0,1,0,0,0,0,0,0,1,1,0,remaining
4549,0,1,0,1,1,0,0,0,0,1,1,0,0,0,remaining
3199,9,0,1,0,1,0,0,0,0,0,0,0,0,0,remaining
336,9,1,0,0,1,0,0,0,0,0,0,1,1,0,remaining
1873,1,0,0,0,1,0,0,0,0,0,0,0,1,1,remaining
2636,1,0,0,0,0,0,0,0,0,0,0,0,0,0,remaining
5782,0,0,0,0,0,0,1,0,0,0,1,0,0,0,remaining
5815,1,1,0,1,1,0,0,0,0,1,0,1,1,0,remaining
499,1,0,0,0,0,0,0,0,1,0,0,0,0,0,discriminated
5150,0,0,1,0,0,0,1,0,0,1,1,0,1,1,remaining
2441,9,0,0,0,0,0,0,0,0,0,1,0,1,1,remaining
4041,5,1,0,0,0,0,0,0,0,1,0,1,1,0,remaining
3633,0,0,0,0,0,0,0,0,0,1,1,0,1,1,remaining
2817,3,1,0,1,1,0,0,0,0,0,0,1,1,0,remaining
4838,0,0,0,0,0,0,0,0,0,0,0,0,0,0,remaining
4377,19,1,0,0,1,0,0,0,0,0,0,1,1,0,remaining
1724,16,1,0,0,0,0,1,0,0,0,0,1,1,0,remaining
5287,16,1,0,0,1,0,0,0,0,0,0,1,1,0,remaining
711,5,0,0,0,0,0,0,0,0,0,0,0,1,1,remaining
4533,15,1,1,0,1,0,0,0,0,0,0,1,1,0,remaining
100,0,0,0,1,1,0,0,0,0,0,0,0,1,1,remaining
5107,6,1,0,1,1,0,0,0,0,0,0,1,1,0,remaining
4772,8,1,0,0,1,0,0,0,0,0,1,1,0,1,remaining
3351,0,0,1,0,0,0,0,0,0,0,1,0,0,0,remaining
2700,3,0,1,0,0,0,0,0,0,0,1,0,1,1,remaining
2079,33,1,1,0,0,0,0,0,0,0,0,1,1,0,remaining
3003,1,0,0,0,0,0,0,0,0,1,0,0,0,0,remaining
5011,1,0,0,0,0,0,0,0,0,1,0,0,1,1,remaining
3329,0,0,0,1,0,0,1,0,0,0,1,0,0,0,remaining
5684,0,0,0,0,0,0,0,0,0,1,0,1,0,1,remaining
2549,0,1,0,0,1,0,0,0,0,1,0,0,1,1,remaining
5943,1,1,0,0,1,0,0,0,0,0,0,0,1,1,remaining
4614,0,0,0,0,0,0,0,0,0,0,0,0,1,1,remaining
5148,3,0,0,0,1,0,0,0,0,1,1,0,1,1,remaining
751,1,0,0,0,1,0,0,0,0,0,0,0,0,0,remaining
167,1,0,0,1,1,0,0,0,0,1,1,0,0,0,remaining
2708,0,0,0,0,0,0,1,0,0,1,1,0,0,0,remaining
3996,1,0,1,0,1,0,0,0,0,0,0,0,0,0,remaining
5707,1,1,0,0,1,0,0,0,0,1,1,0,1,1,remaining
4257,0,0,0,0,1,0,0,0,0,0,1,0,1,1,remaining
1968,1,0,1,0,0,0,1,0,0,0,0,0,1,1,remaining
4214,1,0,0,0,1,0,0,0,0,0,0,0,0,0,remaining
2516,10,1,0,0,0,0,0,0,0,0,0,1,1,0,remaining
2906,2,1,0,0,0,0,0,0,0,1,0,1,1,0,remaining
2124,1,0,0,0,0,0,0,0,0,0,0,0,1,1,remaining
5792,9,1,0,0,1,0,0,0,0,0,1,1,1,0,remaining
2056,1,0,0,0,0,0,0,0,0,0,0,0,0,0,remaining
825,0,0,0,1,1,0,0,0,0,1,0,0,0,0,remaining
1199,8,1,0,0,1,0,0,0,0,1,0,1,1,0,remaining
4849,6,1,0,0,1,0,0,0,0,0,0,1,1,0,remaining
1510,0,0,1,0,1,0,0,0,0,0,1,0,0,0,remaining
4490,8,0,0,0,0,0,1,0,0,0,0,1,1,0,remaining
1678,2,1,0,1,0,0,1,0,0,0,0,1,1,0,remaining
1328,10,0,0,0,1,0,0,0,0,0,0,0,1,1,remaining
2121,0,0,0,0,0,0,0,0,0,0,0,0,0,0,remaining
1504,0,0,1,0,0,0,0,0,0,0,1,0,0,0,remaining
1540,2,0,1,0,0,0,1,0,0,1,0,1,0,1,remaining
3972,11,1,0,0,1,0,0,0,0,0,1,1,1,0,remaining
3057,4,1,0,0,1,0,0,0,0,0,0,1,0,1,remaining
4309,1,0,1,0,1,0,0,0,0,0,0,0,0,0,remaining
5192,25,1,1,0,1,0,0,0,0,0,0,1,0,1,remaining
1147,3,0,0,0,1,0,0,0,0,0,1,1,0,1,remaining
3176,10,0,1,0,0,0,0,0,0,0,0,0,1,1,remaining
995,4,1,0,0,1,0,0,0,0,0,0,1,1,0,remaining
2696,1,1,0,0,0,0,1,0,0,0,1,0,1,1,remaining
233,3,1,0,1,1,0,0,0,0,0,1,1,1,0,remaining
1752,0,0,0,0,0,0,1,0,0,0,0,0,1,1,remaining
3000,4,0,0,0,1,0,0,0,0,0,1,1,0,1,remaining
2649,0,0,0,0,1,0,0,0,0,1,1,0,0,0,remaining
3035,1,1,0,1,1,0,0,0,0,0,0,1,1,0,remaining
991,3,1,0,0,1,0,0,0,0,1,0,0,1,1,remaining
3906,0,0,0,1,0,0,0,0,0,0,1,0,0,0,remaining
3551,8,0,1,0,0,0,0,0,0,1,0,0,1,1,remaining
4194,2,1,0,0,0,0,0,0,0,0,0,0,1,1,remaining
679,1,0,0,0,1,0,0,0,0,1,1,0,0,0,remaining
5710,0,1,0,0,1,0,0,0,0,0,1,0,0,0,remaining
5459,0,0,1,0,0,0,0,0,1,0,1,0,0,0,discriminated
2842,0,0,0,1,1,0,0,0,0,0,0,0,1,1,remaining
207,14,1,0,0,1,0,0,0,0,0,0,1,0,1,remaining
4955,0,0,0,0,1,0,0,0,0,1,1,0,0,0,remaining
1483,1,0,0,0,0,0,0,0,0,0,1,0,1,1,remaining
4554,1,0,1,0,1,0,0,0,0,0,0,0,1,1,remaining
370,2,1,0,0,0,0,1,0,0,0,0,1,1,0,remaining
2316,3,1,0,1,0,0,0,0,0,0,1,1,1,0,remaining
3403,3,1,0,0,0,0,0,0,0,1,1,0,0,0,remaining
4292,0,0,0,1,1,0,0,0,0,0,1,1,0,1,remaining
4363,1,0,0,0,0,0,1,0,0,0,1,0,0,0,remaining
1634,0,0,0,0,0,0,0,0,1,0,1,0,0,0,discriminated
820,5,1,0,0,1,0,0,0,0,0,1,1,1,0,remaining
2264,1,0,0,0,0,0,1,0,0,0,1,0,0,0,remaining
5762,1,1,0,0,1,0,0,0,0,0,1,0,0,0,remaining
1568,0,0,0,0,1,0,0,0,0,0,1,0,1,1,remaining
5955,0,1,0,1,1,0,0,0,0,0,1,0,1,1,remaining
2857,18,1,0,0,0,0,0,0,0,0,0,1,1,0,remaining
6142,2,1,1,0,0,0,0,0,0,1,0,0,0,0,remaining
416,0,0,0,0,0,0,0,0,0,0,1,0,1,1,remaining
4188,3,1,0,0,0,0,1,0,0,0,1,0,1,1,remaining
1867,2,1,0,0,1,0,0,0,0,0,0,1,1,0,remaining
4870,2,1,0,0,0,0,0,0,0,1,1,0,0,0,remaining
2971,8,1,0,0,1,0,0,0,0,0,1,1,0,1,remaining
857,0,1,0,0,1,0,0,0,0,0,0,0,0,0,remaining
6155,0,0,0,0,1,0,0,0,0,0,1,0,0,0,remaining
2410,7,1,0,0,0,0,1,0,0,0,0,1,0,1,remaining
1372,8,1,1,0,1,0,0,0,0,0,0,1,1,0,remaining
6137,0,0,0,1,0,0,1,0,0,0,1,0,0,0,remaining
1172,7,0,0,0,0,0,0,0,0,0,1,1,0,1,remaining
3563,1,1,0,0,1,0,0,0,0,0,1,0,1,1,remaining
3198,1,1,0,1,1,0,0,0,0,0,0,1,0,1,remaining
1714,1,0,0,0,0,0,0,0,0,0,1,0,0,0,remaining
1182,0,0,0,0,0,0,0,0,0,0,0,0,1,1,remaining
3921,0,0,0,1,1,0,0,0,0,0,0,0,0,0,remaining
4022,1,0,0,0,0,0,0,0,0,1,0,0,0,0,remaining
529,0,0,0,0,1,0,0,0,0,0,1,0,0,0,remaining
3185,0,0,0,0,0,0,0,0,0,0,1,0,1,1,remaining
333,0,1,0,1,1,0,0,0,0,0,1,0,1,1,remaining
6053,1,1,0,1,1,0,0,0,0,0,0,1,1,0,remaining
2297,0,0,1,0,1,0,0,0,0,0,0,0,1,1,remaining
5295,2,0,0,1,0,0,1,0,0,0,0,0,1,1,remaining
677,0,0,0,1,0,0,0,0,0,0,0,0,0,0,remaining
4362,3,1,0,0,0,0,0,0,1,0,0,0,1,1,discriminated
4431,8,0,1,0,1,0,0,0,0,0,1,1,1,0,remaining
4825,0,0,0,0,0,0,1,0,0,0,1,0,0,0,remaining
5722,3,0,1,0,0,0,0,0,0,0,0,0,0,0,remaining
3346,1,0,0,0,0,0,0,0,0,0,0,0,1,1,remaining
1797,0,1,0,1,1,0,0,0,0,0,0,1,1,0,remaining
1124,0,1,0,0,0,0,0,0,0,0,0,1,1,0,remaining
5518,2,1,0,0,1,0,0,0,0,0,1,0,0,0,remaining
3271,16,1,0,0,1,0,0,0,0,0,0,1,1,0,remaining
4581,0,0,1,0,0,0,0,0,0,0,1,0,0,0,remaining
1361,0,1,0,1,1,0,0,0,0,0,0,1,1,0,remaining
5957,6,1,0,0,1,0,0,0,0,1,0,1,0,1,remaining
4469,5,0,1,0,0,0,0,0,0,0,1,0,0,0,remaining
3702,5,1,0,0,0,0,0,0,0,0,0,1,1,0,remaining
1302,2,1,0,1,1,0,0,0,0,1,1,1,1,0,remaining
2968,0,0,0,0,1,0,0,0,0,0,1,0,0,0,remaining
4185,0,1,0,1,1,0,0,0,0,0,0,1,0,1,remaining
2385,4,1,0,0,1,0,0,0,0,0,0,1,1,0,remaining
3958,6,0,0,0,1,0,0,0,0,0,1,1,1,0,remaining
1518,0,0,0,0,0,0,0,0,0,0,0,0,1,1,remaining
4301,0,0,0,1,1,0,0,0,0,0,0,0,0,0,remaining
2010,10,1,0,0,1,0,0,0,0,1,1,1,1,0,remaining
6129,1,0,1,0,0,0,0,0,0,1,1,0,0,0,remaining
6147,14,0,1,0,0,0,0,0,0,0,0,1,1,0,remaining
672,0,1,0,1,1,0,0,0,0,0,0,1,1,0,remaining
771,0,0,0,0,1,0,0,0,0,0,0,0,1,1,remaining
3511,5,0,0,0,0,0,0,0,0,0,0,0,0,0,remaining
6128,0,1,0,1,1,0,0,0,0,0,0,1,1,0,remaining
3783,2,0,0,0,0,0,0,0,0,0,0,0,1,1,remaining
917,0,0,0,0,0,0,0,0,0,0,0,0,0,0,remaining
3450,8,1,0,1,0,0,0,0,0,0,0,0,1,1,remaining
4998,5,1,0,0,0,0,0,0,1,1,0,1,1,0,discriminated
4414,2,0,0,0,0,0,1,0,0,0,0,0,1,1,remaining
3242,1,0,0,0,1,0,0,0,0,1,0,0,1,1,remaining
2234,0,1,0,0,0,0,1,0,0,0,1,0,0,0,remaining
4153,1,0,1,0,0,0,0,0,0,0,0,0,0,0,remaining
1111,5,1,1,0,0,0,0,0,0,1,0,1,0,1,remaining
1366,0,0,0,0,0,0,0,0,1,0,1,0,0,0,discriminated
5375,5,1,0,0,1,0,0,0,0,0,1,1,0,1,remaining
622,0,0,0,0,1,0,0,0,0,0,0,0,0,0,remaining
3799,1,0,0,0,1,0,0,0,0,1,0,0,0,0,remaining
4668,0,0,0,0,0,0,0,0,0,0,0,0,0,0,remaining
2909,4,0,0,0,1,0,0,0,0,0,1,1,1,0,remaining
1486,4,0,1,0,1,0,0,0,0,0,1,0,0,0,remaining
1638,1,0,0,0,1,0,0,0,0,0,1,0,0,0,remaining
5178,0,1,0,1,0,0,0,0,0,1,1,0,0,0,remaining
1789,0,0,0,0,1,0,0,0,0,1,1,0,0,0,remaining
2822,7,1,0,1,0,0,0,0,1,0,0,1,1,0,discriminated
2654,2,0,0,0,0,0,1,0,0,0,1,0,1,1,remaining
2097,1,1,0,0,1,0,0,0,0,0,0,0,1,1,remaining
1883,9,1,1,0,0,0,1,0,0,0,0,1,1,0,remaining
4688,10,1,0,0,0,0,0,0,0,0,1,1,1,0,remaining
4463,2,0,0,0,0,0,0,0,0,0,0,0,0,0,remaining
304,1,0,0,0,0,0,1,0,0,0,0,0,0,0,remaining
4588,0,1,0,1,1,0,0,0,0,1,0,0,0,0,remaining
4980,2,1,0,1,1,0,0,0,0,0,0,1,0,1,remaining
2910,0,0,0,0,1,0,0,0,0,0,0,0,1,1,remaining
5242,0,1,0,1,1,0,0,0,0,0,0,1,0,1,remaining
4883,0,1,0,0,0,0,0,0,0,0,0,1,0,1,remaining
1329,0,0,0,1,1,0,0,0,0,0,0,0,0,0,remaining
4125,2,0,0,0,0,0,0,0,0,1,1,1,0,1,remaining
3915,1,0,1,0,0,0,1,0,0,0,0,0,1,1,remaining
1090,0,0,0,0,0,0,0,0,1,0,0,0,0,0,discriminated
5409,13,1,0,0,1,0,0,0,0,0,0,1,1,0,remaining
3145,1,0,0,0,0,0,0,0,0,0,0,0,0,0,remaining
1189,2,0,0,0,1,0,0,0,0,1,0,0,0,0,remaining
2158,7,0,0,0,1,0,0,0,0,1,0,1,0,1,remaining
894,0,1,0,0,1,0,0,0,0,1,0,0,0,0,remaining
2567,13,0,1,0,1,0,0,0,0,0,0,1,1,0,remaining
2955,0,0,0,0,0,0,0,0,0,1,1,0,0,0,remaining
4934,1,0,0,1,0,0,0,0,0,0,0,0,0,0,remaining
6088,0,0,0,0,0,0,0,0,0,1,1,0,0,0,remaining
2443,18,1,1,0,1,0,0,0,0,0,1,1,1,0,remaining
4502,10,1,0,0,0,0,0,0,0,0,0,1,1,0,remaining
5656,0,0,0,1,0,0,0,0,1,1,0,0,0,0,discriminated
3657,2,0,0,1,0,0,1,0,0,1,1,0,0,0,remaining
1079,1,0,0,1,1,0,0,0,0,0,0,1,0,1,remaining
1462,1,0,0,0,1,0,0,0,0,1,1,0,0,0,remaining
1254,1,0,1,0,1,0,0,0,0,1,0,0,0,0,remaining
3113,0,0,0,0,1,0,0,0,0,1,0,0,0,0,remaining
3089,0,1,0,0,0,0,0,0,0,1,0,0,0,0,remaining
2676,10,1,0,0,1,0,0,0,0,1,0,1,1,0,remaining
5443,1,1,0,1,1,0,0,0,0,0,0,1,1,0,remaining
985,2,1,0,1,0,0,1,0,0,0,0,1,1,0,remaining
4899,7,1,0,0,1,0,0,0,0,0,0,1,1,0,remaining
1272,0,0,0,0,0,0,0,0,0,0,0,0,0,0,remaining
2449,0,0,1,0,0,0,0,0,0,0,0,0,0,0,remaining
1393,0,0,0,1,1,0,0,0,0,0,0,0,0,0,remaining
2718,3,0,0,0,1,0,0,0,0,1,0,1,0,1,remaining
2758,4,0,0,0,1,0,0,0,0,0,0,0,1,1,remaining
1280,11,1,1,0,0,0,0,0,0,0,1,0,0,0,remaining
678,1,1,0,1,1,0,0,0,0,1,1,0,1,1,remaining
307,2,1,0,1,0,0,0,0,0,0,1,1,1,0,remaining
1519,4,0,0,0,0,0,0,0,0,0,1,1,0,1,remaining
3553,3,1,1,0,1,0,0,0,0,0,0,0,1,1,remaining
3977,0,1,1,0,0,0,0,0,0,0,0,1,0,1,remaining
3046,4,1,0,1,1,0,0,0,0,1,0,1,1,0,remaining
4282,0,0,0,0,1,0,0,0,0,0,0,0,0,0,remaining
598,0,0,0,0,1,0,0,0,0,0,0,0,0,0,remaining
5614,3,1,0,1,1,0,0,0,0,0,0,1,1,0,remaining
608,1,1,0,1,0,0,1,0,0,0,0,1,0,1,remaining
2894,13,0,1,0,0,0,0,0,0,0,0,0,0,0,remaining
3655,0,0,0,1,0,0,0,0,1,0,0,0,1,1,discriminated
773,0,0,1,0,0,0,0,0,0,1,1,0,0,0,remaining
3542,5,1,0,0,1,0,0,0,0,0,0,1,1,0,remaining
1843,5,1,0,0,0,0,0,0,0,0,0,1,1,0,remaining
2552,0,0,0,1,0,0,0,0,0,0,0,0,1,1,remaining
4312,0,0,0,0,0,0,0,0,0,1,1,0,0,0,remaining
4101,0,1,0,0,1,0,0,0,0,0,0,0,0,0,remaining
1183,0,0,0,0,0,0,0,0,0,1,0,1,1,0,remaining
1941,1,1,0,1,0,0,0,0,0,0,0,1,1,0,remaining
4570,0,1,0,0,0,0,0,0,0,0,1,1,1,0,remaining
2787,4,1,0,0,1,0,0,0,0,0,0,1,1,0,remaining
3765,1,1,0,0,0,0,0,0,0,1,0,0,0,0,remaining
2913,0,0,0,1,1,0,0,0,0,0,0,0,1,1,remaining
2472,1,0,1,0,0,0,0,0,0,0,1,0,1,1,remaining
3917,1,1,0,0,0,0,1,0,0,0,1,0,0,0,remaining
5095,0,0,0,1,0,0,1,0,0,0,0,0,1,1,remaining
2337,0,0,1,0,0,0,0,0,0,0,0,0,0,0,remaining
2004,1,0,1,0,0,0,0,0,0,0,0,0,0,0,remaining
4462,2,0,0,0,0,0,0,0,0,0,1,0,0,0,remaining
1943,1,0,0,1,1,0,0,0,0,0,0,1,1,0,remaining
2298,7,1,0,0,0,0,0,0,0,0,0,1,1,0,remaining
6131,0,0,0,0,0,0,0,0,0,0,1,0,1,1,remaining
1006,0,0,0,0,0,0,1,0,0,0,0,0,0,0,remaining
5908,1,1,0,1,1,0,0,0,0,0,1,1,0,1,remaining
2929,9,1,1,0,0,0,1,0,0,0,1,0,1,1,remaining
1440,1,1,0,0,0,0,0,0,0,1,0,0,1,1,remaining
3714,0,0,0,1,0,0,0,0,0,0,1,0,0,0,remaining
4165,0,0,0,1,1,0,0,0,0,0,0,0,0,0,remaining
5075,5,1,0,0,0,0,0,0,0,0,0,1,1,0,remaining
1238,3,1,0,1,0,0,0,0,0,0,0,1,1,0,remaining
2563,0,0,0,0,0,1,0,0,0,0,1,0,0,0,remaining
1150,0,0,0,0,1,0,0,0,0,0,0,0,0,0,remaining
3753,0,1,0,1,1,0,0,0,0,0,0,1,0,1,remaining
888,0,0,0,0,1,0,0,0,0,0,0,0,0,0,remaining
1283,2,0,0,0,0,0,0,0,1,0,0,0,1,1,discriminated
600,2,1,1,0,0,0,0,0,0,1,0,0,0,0,remaining
4258,2,0,0,0,0,0,0,0,1,0,1,0,0,0,discriminated
691,14,1,0,0,1,0,0,0,0,0,0,1,1,0,remaining
6078,0,0,0,0,0,0,0,0,1,0,1,0,0,0,discriminated
4056,5,1,0,0,1,0,0,0,0,0,1,1,1,0,remaining
2170,1,0,0,1,0,0,0,0,0,0,0,0,0,0,remaining
409,1,0,1,0,0,0,1,0,0,0,0,0,0,0,remaining
106,3,1,1,0,0,0,0,0,0,0,1,0,0,0,remaining
5613,0,1,0,1,1,0,0,0,0,1,0,0,0,0,remaining
3084,0,0,0,0,1,0,0,0,0,0,1,0,0,0,remaining
1493,3,0,0,0,0,0,0,0,0,1,0,1,0,1,remaining
2039,1,0,0,0,1,0,0,0,0,0,0,0,1,1,remaining
4039,7,1,0,0,1,0,0,0,0,0,0,1,1,0,remaining
4013,2,1,0,0,1,0,0,0,0,1,1,0,0,0,remaining
5288,1,0,0,0,0,0,0,0,0,0,1,0,1,1,remaining
4959,2,1,0,1,1,0,0,0,0,0,1,1,1,0,remaining
4719,18,1,0,0,1,0,0,0,0,0,0,1,1,0,remaining
4406,11,0,0,0,1,0,0,0,0,0,1,1,1,0,remaining
5593,0,1,0,1,1,0,0,0,0,0,0,1,1,0,remaining
4389,13,1,0,0,0,0,0,0,0,0,0,1,1,0,remaining
275,0,1,0,0,1,0,0,0,0,1,0,0,0,0,remaining
4379,7,1,0,0,1,0,0,0,0,0,0,1,1,0,remaining
5143,0,1,0,1,1,0,0,0,0,0,0,1,0,1,remaining
1459,0,0,0,0,1,0,0,0,0,0,1,0,1,1,remaining
5718,0,1,0,0,1,0,0,0,0,0,1,0,0,0,remaining
1900,3,0,1,0,1,0,0,0,0,0,1,0,1,1,remaining
3120,11,1,0,0,1,0,0,0,0,0,1,1,1,0,remaining
4901,0,1,0,1,0,0,0,0,0,1,1,0,0,0,remaining
4585,1,1,0,1,1,0,0,0,0,0,1,1,0,1,remaining
970,0,0,0,0,0,0,0,0,0,0,1,0,0,0,remaining
3678,1,0,0,0,0,0,0,0,0,0,0,0,0,0,remaining
2050,1,1,0,0,1,0,0,0,0,0,1,0,0,0,remaining
3088,5,1,0,0,0,0,0,0,0,0,0,1,1,0,remaining
3264,7,1,0,0,1,0,0,0,0,0,0,1,1,0,remaining
4732,0,1,0,1,1,0,0,0,0,1,1,0,0,0,remaining
2315,0,1,0,0,1,0,0,0,0,0,0,0,0,0,remaining
5430,0,0,0,1,0,0,0,0,0,0,0,0,0,0,remaining
112,0,0,0,0,0,0,0,0,0,0,1,0,1,1,remaining
666,0,1,1,0,0,0,0,0,0,0,0,1,0,1,remaining
4061,0,0,0,1,0,0,0,0,0,0,0,0,1,1,remaining
4252,9,1,1,0,0,0,0,0,0,0,1,0,1,1,remaining
4288,1,1,0,0,0,0,0,0,0,0,0,0,1,1,remaining
2680,8,1,0,0,0,0,0,0,0,1,0,1,1,0,remaining
77,9,1,0,0,1,0,0,0,0,0,0,1,1,0,remaining
124,8,1,0,0,1,0,0,0,0,0,1,1,1,0,remaining
2643,0,1,0,1,1,0,0,0,0,0,0,1,1,0,remaining
202,0,0,0,1,1,0,0,0,0,0,0,0,0,0,remaining
1617,0,0,0,0,1,0,0,0,0,0,1,0,0,0,remaining
2465,3,0,1,0,0,0,0,0,0,0,0,0,0,0,remaining
5859,5,0,0,0,1,0,0,0,0,1,0,0,1,1,remaining
2691,2,1,0,0,0,0,0,0,0,0,0,0,0,0,remaining
3442,4,0,0,0,0,0,0,0,0,0,1,1,0,1,remaining
3227,0,0,0,0,0,0,1,0,0,0,0,0,0,0,remaining
4175,0,1,0,0,0,0,0,0,1,0,0,1,1,0,discriminated
6025,0,0,1,0,0,0,0,0,0,1,1,0,0,0,remaining
578,3,0,0,0,1,0,0,0,0,0,0,1,0,1,remaining
2053,0,0,0,0,1,0,0,0,0,1,0,0,0,0,remaining
3647,1,1,0,0,1,0,0,0,0,1,0,0,0,0,remaining
1563,0,0,1,0,0,0,0,0,0,0,0,0,0,0,remaining
2046,16,1,1,0,1,0,0,0,0,0,0,0,1,1,remaining
2721,3,0,1,0,1,0,0,0,0,0,0,0,0,0,remaining
2979,5,1,0,0,1,0,0,0,0,0,0,1,0,1,remaining
2912,10,1,1,0,0,0,0,0,0,1,0,1,1,0,remaining
1214,6,0,0,0,0,0,0,0,0,1,0,1,1,0,remaining
4202,3,0,0,0,1,0,0,0,0,0,1,1,1,0,remaining
4559,7,1,0,1,1,0,0,0,0,0,1,1,1,0,remaining
2677,5,0,0,0,0,0,0,0,1,0,0,1,0,1,discriminated
2895,9,1,0,0,1,0,0,0,0,0,0,1,1,0,remaining
1994,0,0,0,0,0,0,0,0,0,0,1,0,1,1,remaining
3007,0,1,0,1,1,0,0,0,0,0,0,1,1,0,remaining
1939,1,0,0,0,0,0,0,0,0,0,1,0,1,1,remaining
1901,5,0,0,0,1,0,0,0,0,0,0,0,1,1,remaining
3808,13,0,0,0,0,0,0,0,0,0,0,1,1,0,remaining
4450,10,1,0,0,1,0,0,0,0,0,0,1,1,0,remaining
5936,8,0,0,0,1,0,0,0,0,0,1,1,1,0,remaining
1517,5,1,0,0,1,0,0,0,0,0,1,1,0,1,remaining
1893,0,0,1,0,0,0,0,0,0,0,1,0,0,0,remaining
5170,7,1,0,0,1,0,0,0,0,0,1,1,0,1,remaining
4243,0,0,1,0,0,0,0,0,0,1,1,0,0,0,remaining
5315,0,0,0,1,0,0,0,0,0,0,1,0,0,0,remaining
3715,0,0,0,0,0,0,0,0,0,1,1,0,0,0,remaining
570,0,0,0,0,1,0,0,0,0,0,1,0,0,0,remaining
2020,3,1,0,0,1,0,0,0,0,0,1,1,0,1,remaining
1979,0,0,0,1,0,0,0,0,0,0,0,0,0,0,remaining
2283,0,0,0,0,0,0,0,0,0,0,1,0,0,0,remaining
3552,3,0,0,0,0,0,1,0,0,0,0,0,1,1,remaining
709,1,1,0,1,1,0,0,0,0,0,1,1,1,0,remaining
4871,1,1,0,0,1,0,0,0,0,1,0,0,0,0,remaining
31,4,1,0,0,0,0,0,0,0,1,1,1,1,0,remaining
4565,0,0,0,1,0,0,0,0,0,0,0,0,0,0,remaining
3534,3,1,0,0,0,0,0,0,0,0,0,1,1,0,remaining
2333,0,0,0,0,0,0,0,0,0,0,0,0,0,0,remaining
5321,16,1,0,0,1,0,0,0,0,0,0,1,1,0,remaining
4730,0,1,0,0,0,0,0,0,0,0,0,1,0,1,remaining
3149,0,0,0,0,0,0,0,0,0,0,0,0,0,0,remaining
3358,6,1,0,0,0,0,0,0,0,0,0,1,0,1,remaining
3139,0,0,1,0,0,0,0,0,0,0,1,0,1,1,remaining
5048,7,1,1,0,0,0,0,0,0,0,0,1,0,1,remaining
1263,0,0,0,0,0,0,1,0,0,0,1,0,1,1,remaining
2448,1,1,0,0,0,0,0,0,0,0,0,0,0,0,remaining
2877,9,1,0,0,0,0,0,0,0,0,0,1,0,1,remaining
5122,5,0,0,0,1,0,0,0,0,0,0,0,0,0,remaining
1754,0,0,0,0,0,0,0,0,0,0,0,0,0,0,remaining
